F:\datasets\door_stair/resultVideos/Faster_Inception-door-3\
=========  F:\datasets\door_stair/resultVideos/Faster_Inception-door-3\   ===========
Chart path :  F:\datasets\door_stair/resultVideos/Faster_Inception-door-3\_chart
class -> F:\datasets\door_stair/resultVideos/Faster_Inception-door-3\opened_door.txt
PRECISION opened_door 0 0
RECALL opened_door 0 0
F opened_door -1.0 0
Simple Recall 0 0
Simple Precision 0 0
class -> F:\datasets\door_stair/resultVideos/Faster_Inception-door-3\closed_door.txt
PRECISION closed_door 0.8520710059171598 0.9300000000000006
RECALL closed_door 0.9884393063583815 0.0
F closed_door 0.8882978723404256 0.4200000000000002
Simple Recall 0.9884393063583815 0.9300000000000006
Simple Precision 0.8520710059171598 0.0
class -> F:\datasets\door_stair/resultVideos/Faster_Inception-door-3\elevator_door.txt
PRECISION elevator_door 0 0
RECALL elevator_door 0 0
F elevator_door -1.0 0
Simple Recall 0 0
Simple Precision 0 0

---- mAPs of   ---
opened_door 0.0
closed_door 0.8383933768931221
elevator_door 0.0
mAP: 0.27946445896437405



Prediction Speed 
Count => 305 
Sum => 22.817912 
Average => 0.074813 
variance => 0.000017 
stdev => 0.004175 
FPS => 13.4 


0.076794
0.075798
0.074801
0.073802
0.074800
0.074800
0.075797
0.079787
0.077792
0.077792
0.077792
0.076795
0.076794
0.076795
0.075797
0.073802
0.073803
0.074800
0.073802
0.077792
0.075798
0.076795
0.077792
0.074800
0.075798
0.074800
0.066552
0.078107
0.084986
0.063535
0.078106
0.078107
0.078106
0.078107
0.083392
0.071160
0.078106
0.077547
0.076795
0.065562
0.078107
0.072158
0.062485
0.062484
0.078107
0.078106
0.078107
0.078379
0.060310
0.062485
0.085270
0.075798
0.074800
0.075798
0.076022
0.074491
0.062485
0.062485
0.078107
0.062485
0.062485
0.077196
0.078107
0.080446
0.075797
0.073803
0.075797
0.073803
0.075798
0.074800
0.072805
0.079786
0.078789
0.079787
0.076795
0.078790
0.076796
0.076795
0.075797
0.075798
0.076795
0.078790
0.078790
0.076795
0.078789
0.077792
0.076794
0.074800
0.073803
0.074801
0.073802
0.070811
0.073803
0.071808
0.072805
0.070811
0.069813
0.068816
0.072805
0.073802
0.071808
0.072805
0.068815
0.071808
0.070811
0.071808
0.072805
0.072806
0.072805
0.072805
0.073802
0.073803
0.073803
0.073802
0.075798
0.074800
0.073803
0.069814
0.070811
0.069814
0.072806
0.069813
0.067819
0.069813
0.068816
0.066821
0.070811
0.070811
0.069813
0.071808
0.071808
0.069814
0.071808
0.070811
0.072805
0.070811
0.070811
0.072805
0.070811
0.071808
0.072805
0.069813
0.071808
0.072805
0.073803
0.075798
0.075797
0.074800
0.075798
0.073801
0.072806
0.073803
0.072805
0.074800
0.075798
0.075798
0.074801
0.076795
0.076795
0.073803
0.075798
0.075797
0.076794
0.074800
0.070810
0.073803
0.073802
0.072806
0.073803
0.074800
0.058941
0.070941
0.078107
0.073359
0.083397
0.078107
0.062484
0.062485
0.078107
0.080367
0.072073
0.061296
0.090374
0.076793
0.073803
0.076796
0.073802
0.073803
0.075798
0.075797
0.071808
0.074800
0.075797
0.073802
0.076795
0.077793
0.076795
0.075797
0.074800
0.074800
0.073803
0.074800
0.074800
0.078789
0.080784
0.079787
0.078789
0.079787
0.079787
0.076795
0.077792
0.079787
0.077793
0.080784
0.077792
0.077792
0.077792
0.077792
0.079787
0.078789
0.078789
0.078790
0.077793
0.080784
0.083776
0.080785
0.080785
0.079787
0.079767
0.079787
0.080784
0.080784
0.080785
0.077792
0.078789
0.075798
0.081781
0.074800
0.078789
0.075798
0.075797
0.075797
0.078789
0.072805
0.075798
0.074800
0.074800
0.076795
0.075798
0.074800
0.073803
0.075798
0.075798
0.074800
0.075798
0.075798
0.074800
0.071808
0.074800
0.073803
0.072805
0.071808
0.072806
0.072805
0.073803
0.075798
0.076794
0.076795
0.073802
0.078789
0.077791
0.074800
0.075798
0.075797
0.079787
0.079787
0.076794
0.076795
0.073802
0.073802
0.073802
0.070811
0.071808
0.072805
0.073803
0.075798
0.075798
0.072806
0.074800
0.075798
0.073803
0.074800
0.074800
0.073803
0.074800
0.074800
0.074800
0.073803
0.073802
0.074800
0.073803
0.074800
0.072805
0.073803
0.076795
