F:\datasets\door_stair/resultVideos/Faster_Inception-door-1\
=========  F:\datasets\door_stair/resultVideos/Faster_Inception-door-1\   ===========
Chart path :  F:\datasets\door_stair/resultVideos/Faster_Inception-door-1\_chart
class -> F:\datasets\door_stair/resultVideos/Faster_Inception-door-1\opened_door.txt
PRECISION opened_door 0.34962406015037595 0.9400000000000006
RECALL opened_door 0.6145251396648045 0.0
F opened_door 0.41797752808988764 0.9400000000000006
Simple Recall 0.9692737430167597 0.9400000000000006
Simple Precision 0.4755639097744361 0.0
class -> F:\datasets\door_stair/resultVideos/Faster_Inception-door-1\closed_door.txt
PRECISION closed_door 0.45075757575757575 0.9400000000000006
RECALL closed_door 1.0 0.0
F closed_door 0.6214099216710183 0.9400000000000006
Simple Recall 1.0 0.9400000000000006
Simple Precision 0.45075757575757575 0.0
class -> F:\datasets\door_stair/resultVideos/Faster_Inception-door-1\elevator_door.txt
PRECISION elevator_door 0.328 0.9300000000000006
RECALL elevator_door 0.9272727272727272 0.0
F elevator_door 0.3929824561403508 0.7600000000000005
Simple Recall 1.0 0.9400000000000006
Simple Precision 0.7459016393442623 0.0

---- mAPs of   ---
opened_door 0.20311557355699913
closed_door 0.45075757575757575
elevator_door 0.26126378602580347
mAP: 0.30504564511345944



Prediction Speed 
Count => 766 
Sum => 54.109428 
Average => 0.070639 
variance => 0.000020 
stdev => 0.004506 
FPS => 14.2 


0.069813
0.069813
0.068816
0.068816
0.067819
0.067819
0.067819
0.067819
0.067818
0.067819
0.065824
0.067819
0.064826
0.066821
0.065824
0.065824
0.065825
0.065824
0.066821
0.064826
0.065824
0.066821
0.064827
0.065824
0.065825
0.065824
0.065824
0.063829
0.065824
0.065824
0.064827
0.067818
0.068816
0.070811
0.073802
0.075798
0.075797
0.076794
0.074800
0.076795
0.073803
0.076795
0.074800
0.071808
0.070811
0.071808
0.066822
0.064827
0.065825
0.066821
0.067819
0.068816
0.067819
0.067819
0.069813
0.069814
0.069813
0.069813
0.069814
0.070810
0.069813
0.067818
0.068816
0.065824
0.067819
0.065824
0.064827
0.065824
0.064826
0.064827
0.065824
0.067819
0.066821
0.064827
0.065824
0.064827
0.064827
0.062832
0.064826
0.064827
0.064827
0.064827
0.066822
0.066822
0.066822
0.067819
0.066822
0.064827
0.066822
0.067819
0.066821
0.065824
0.064827
0.065824
0.065824
0.066822
0.066822
0.065824
0.066821
0.067819
0.066822
0.066822
0.066822
0.065824
0.065824
0.066821
0.064827
0.063830
0.064827
0.062832
0.062832
0.062832
0.063829
0.063830
0.065825
0.066821
0.066821
0.065823
0.065824
0.068816
0.067819
0.068815
0.070811
0.069813
0.069813
0.071808
0.071808
0.070811
0.069814
0.071808
0.073802
0.071808
0.074800
0.073802
0.074800
0.073803
0.072806
0.072806
0.073803
0.073803
0.073803
0.074800
0.074800
0.073802
0.073803
0.074800
0.072806
0.075799
0.075798
0.075798
0.076795
0.075798
0.077792
0.077792
0.075798
0.077792
0.075798
0.075797
0.073803
0.072805
0.075797
0.071808
0.073803
0.073802
0.073803
0.073803
0.074800
0.077792
0.078789
0.076794
0.076795
0.074800
0.072805
0.073803
0.074800
0.073803
0.072805
0.070810
0.072805
0.073803
0.075797
0.073803
0.071809
0.073803
0.073802
0.073803
0.073802
0.073803
0.073803
0.074800
0.072806
0.074800
0.071808
0.073803
0.071808
0.072806
0.071808
0.074800
0.073803
0.074800
0.069932
0.078105
0.071409
0.062485
0.062485
0.078107
0.062485
0.062485
0.078107
0.065724
0.062485
0.078107
0.078107
0.062485
0.070948
0.073802
0.071808
0.072806
0.074800
0.075797
0.073803
0.073803
0.072805
0.073803
0.073803
0.074800
0.075797
0.073802
0.072805
0.072805
0.071808
0.072805
0.071808
0.072806
0.071808
0.070811
0.070811
0.071809
0.071808
0.069813
0.072805
0.072806
0.071807
0.072805
0.071808
0.070811
0.072806
0.073803
0.073803
0.072805
0.073803
0.072806
0.073803
0.071808
0.073803
0.071808
0.074801
0.074800
0.073804
0.076795
0.075797
0.075797
0.075798
0.074800
0.073803
0.075798
0.074800
0.073802
0.070811
0.072806
0.071809
0.072805
0.070810
0.073803
0.074800
0.076794
0.076795
0.073803
0.070811
0.072806
0.072805
0.071808
0.071808
0.071808
0.074800
0.073802
0.074800
0.073802
0.075797
0.075798
0.074800
0.074800
0.070811
0.071809
0.072066
0.068816
0.063829
0.063830
0.064827
0.065824
0.068816
0.069814
0.069814
0.071808
0.071808
0.071808
0.073803
0.074800
0.074800
0.072806
0.073803
0.073803
0.072805
0.073803
0.074800
0.075798
0.074800
0.072805
0.074800
0.072805
0.069813
0.072806
0.070811
0.071808
0.069813
0.068816
0.068816
0.067819
0.068816
0.068816
0.069814
0.069813
0.068816
0.068816
0.072805
0.071808
0.070811
0.069813
0.070811
0.070811
0.067820
0.069814
0.067818
0.068816
0.068816
0.067055
0.050967
0.062485
0.072503
0.052916
0.065823
0.065824
0.064826
0.065824
0.064827
0.064827
0.065824
0.063829
0.064827
0.066819
0.064827
0.086771
0.066819
0.065824
0.064827
0.063830
0.063830
0.062832
0.062833
0.061834
0.061835
0.061835
0.062832
0.061834
0.061835
0.062833
0.061835
0.062831
0.061835
0.062832
0.061835
0.061834
0.060837
0.062833
0.062832
0.062832
0.062832
0.061836
0.060838
0.061835
0.060837
0.063829
0.064827
0.064826
0.064826
0.064826
0.066822
0.067818
0.069813
0.070811
0.070811
0.073803
0.070811
0.068816
0.066822
0.070244
0.072528
0.078106
0.062486
0.078107
0.062485
0.078107
0.078106
0.063328
0.062485
0.078107
0.078106
0.078107
0.062485
0.078107
0.078107
0.062485
0.062485
0.085749
0.074800
0.073803
0.072806
0.070811
0.070811
0.072805
0.073803
0.070810
0.070811
0.071808
0.071808
0.072806
0.069814
0.068816
0.070811
0.068816
0.070811
0.072806
0.072806
0.070811
0.074800
0.070811
0.070811
0.072805
0.056899
0.078107
0.079221
0.070811
0.072806
0.062991
0.078106
0.062485
0.078107
0.078107
0.062485
0.078108
0.062484
0.062485
0.078107
0.062485
0.079621
0.069813
0.070811
0.069813
0.067819
0.069813
0.070811
0.069813
0.067819
0.069814
0.070811
0.069814
0.070811
0.071808
0.069813
0.071808
0.069813
0.068816
0.068816
0.072806
0.070811
0.069814
0.068816
0.067819
0.067819
0.068816
0.069813
0.069813
0.069814
0.068815
0.068816
0.068816
0.069813
0.069813
0.068815
0.068816
0.070811
0.069813
0.071808
0.072805
0.071808
0.071808
0.071808
0.071808
0.069813
0.070810
0.069813
0.070811
0.069813
0.067819
0.070811
0.069813
0.070811
0.068816
0.070811
0.069813
0.070811
0.071808
0.070811
0.069814
0.070811
0.071808
0.069813
0.072805
0.069813
0.069813
0.069813
0.070812
0.070811
0.070811
0.070811
0.069813
0.070811
0.069813
0.067819
0.070811
0.070811
0.071808
0.070811
0.072806
0.069813
0.070810
0.069813
0.064867
0.078106
0.062485
0.078107
0.062485
0.062486
0.078106
0.062485
0.062485
0.062485
0.078107
0.062485
0.078106
0.062485
0.077580
0.069813
0.066822
0.067819
0.067819
0.066821
0.065824
0.065824
0.065825
0.067819
0.073802
0.069813
0.068817
0.068817
0.069813
0.070811
0.071808
0.071807
0.073803
0.072805
0.073802
0.072799
0.070810
0.072805
0.074801
0.076794
0.070811
0.057863
0.070249
0.071808
0.070811
0.069813
0.068816
0.069813
0.068816
0.068815
0.070811
0.066821
0.068816
0.068816
0.067819
0.068816
0.070811
0.070811
0.070811
0.069813
0.069813
0.070810
0.072805
0.068816
0.074802
0.070845
0.062486
0.070910
0.062485
0.062486
0.073251
0.067819
0.069813
0.067819
0.068816
0.068816
0.071808
0.070811
0.070811
0.070811
0.072806
0.070811
0.072805
0.073803
0.072805
0.072806
0.072805
0.073803
0.075797
0.072806
0.060182
0.078107
0.078107
0.079024
0.062485
0.076191
0.078106
0.081898
0.072805
0.072806
0.072806
0.074800
0.071808
0.073803
0.072805
0.074800
0.074800
0.072805
0.073802
0.073803
0.074262
0.072806
0.072805
0.072805
0.072805
0.073803
0.071808
0.075797
0.073802
0.072806
0.073802
0.073802
0.071808
0.071808
0.073803
0.072805
0.070811
0.073803
0.073803
0.072805
0.071808
0.071808
0.072805
0.071808
0.072805
0.073803
0.073803
0.072806
0.072805
0.074800
0.073802
0.073803
0.073803
0.073803
0.074801
0.072806
0.072806
0.071808
0.072806
0.070811
0.071809
0.071808
0.072805
0.070811
0.070811
0.073803
0.071808
0.073803
0.072806
0.074800
0.073803
0.072805
0.071808
0.072805
0.074800
0.066786
0.078107
0.078107
0.078106
0.060879
0.062485
0.078107
0.078107
0.078106
0.062486
0.062485
0.078107
0.084617
0.072804
0.074800
0.074800
0.072806
0.072805
0.072806
0.072805
0.070811
0.071808
0.072806
0.071808
0.071808
0.072805
0.072806
0.073803
0.072805
0.073803
0.076795
0.073803
0.073802
0.072805
0.072806
0.072805
0.074800
0.073803
0.074800
0.074800
0.074800
0.074800
0.074800
0.075798
0.074800
0.076795
0.073802
0.075798
0.074800
0.074800
0.072804
0.074800
0.073802
0.073802
