F:\datasets\door_stair/resultVideos/Faster_Inception-door-4\
=========  F:\datasets\door_stair/resultVideos/Faster_Inception-door-4\   ===========
Chart path :  F:\datasets\door_stair/resultVideos/Faster_Inception-door-4\_chart
class -> F:\datasets\door_stair/resultVideos/Faster_Inception-door-4\opened_door.txt
PRECISION opened_door 0 0
RECALL opened_door 0 0
F opened_door -1.0 0
Simple Recall 0 0
Simple Precision 0 0
class -> F:\datasets\door_stair/resultVideos/Faster_Inception-door-4\closed_door.txt
PRECISION closed_door 0.11976047904191617 0.45000000000000023
RECALL closed_door 0.5538461538461539 0.0
F closed_door 0.1724137931034483 0.45000000000000023
Simple Recall 1.0 0.9400000000000006
Simple Precision 0.3291139240506329 0.0
class -> F:\datasets\door_stair/resultVideos/Faster_Inception-door-4\elevator_door.txt
PRECISION elevator_door 0.2907801418439716 0.03
RECALL elevator_door 0.5948275862068966 0.0
F elevator_door 0.3699731903485255 0.0
Simple Recall 0.6379310344827587 0.03
Simple Precision 0.2978723404255319 0.0

---- mAPs of   ---
opened_door 0.0
closed_door 0.06250223807538596
elevator_door 0.16906785526157309
mAP: 0.07719003111231969



Prediction Speed 
Count => 595 
Sum => 44.447988 
Average => 0.074703 
variance => 0.000015 
stdev => 0.003927 
FPS => 13.4 


0.085106
0.075798
0.074800
0.073803
0.074800
0.075797
0.075799
0.075797
0.073803
0.075798
0.077792
0.077793
0.077792
0.076794
0.072806
0.076796
0.074800
0.076795
0.077792
0.075797
0.077792
0.075797
0.074800
0.076794
0.077791
0.077792
0.074800
0.074801
0.074801
0.074801
0.076794
0.076795
0.076795
0.074800
0.069495
0.078107
0.082003
0.071159
0.073237
0.070810
0.073803
0.072805
0.071808
0.074800
0.074800
0.075798
0.076794
0.074800
0.073804
0.076795
0.074800
0.074800
0.071809
0.070810
0.073803
0.075798
0.072806
0.072806
0.073802
0.077792
0.072549
0.078108
0.079542
0.075797
0.077001
0.075798
0.075798
0.076795
0.072805
0.074800
0.073802
0.073802
0.073803
0.072807
0.074800
0.073803
0.076794
0.075798
0.076796
0.079787
0.075798
0.076795
0.079788
0.077792
0.076795
0.075798
0.074799
0.075798
0.076795
0.079787
0.077792
0.077792
0.077792
0.076795
0.076795
0.075797
0.072805
0.076795
0.076795
0.077793
0.079786
0.076795
0.072806
0.074800
0.075797
0.075797
0.074800
0.071808
0.082780
0.081518
0.062485
0.078106
0.078107
0.078106
0.080221
0.074012
0.076794
0.074800
0.075798
0.073803
0.075798
0.073803
0.074800
0.072806
0.072805
0.072806
0.074800
0.075798
0.074800
0.074800
0.073803
0.077792
0.074800
0.070811
0.073803
0.073803
0.073803
0.073802
0.070810
0.071808
0.072806
0.071808
0.070811
0.073803
0.070811
0.070811
0.068816
0.071808
0.070811
0.071808
0.072806
0.071808
0.070811
0.069813
0.074800
0.071808
0.072805
0.070811
0.072806
0.073803
0.074800
0.072805
0.070810
0.072805
0.070811
0.069813
0.069813
0.070812
0.067818
0.072805
0.071808
0.070810
0.071808
0.070810
0.072805
0.073803
0.073803
0.072806
0.071808
0.070810
0.069813
0.069813
0.069813
0.068816
0.069813
0.069814
0.068816
0.072806
0.071808
0.071808
0.070811
0.072806
0.077792
0.072806
0.075797
0.074800
0.074800
0.074800
0.073803
0.071808
0.074800
0.076795
0.075797
0.077792
0.076795
0.075798
0.073803
0.074800
0.076795
0.077792
0.076795
0.077792
0.074800
0.074800
0.075798
0.077794
0.079787
0.076795
0.080784
0.077792
0.075797
0.080784
0.078789
0.075797
0.074801
0.077792
0.075797
0.075797
0.076795
0.076794
0.074800
0.073577
0.086003
0.076627
0.084038
0.079787
0.076794
0.081782
0.078790
0.075798
0.078790
0.076794
0.076795
0.074800
0.077792
0.074800
0.076795
0.074800
0.077792
0.077792
0.077792
0.080784
0.073803
0.075798
0.076794
0.072806
0.073802
0.078789
0.078789
0.077793
0.079787
0.076794
0.074800
0.072806
0.074800
0.075798
0.074800
0.073801
0.075798
0.072806
0.071808
0.073803
0.075797
0.073803
0.072805
0.074800
0.073803
0.075798
0.076794
0.075798
0.074800
0.073802
0.075798
0.076795
0.076795
0.075798
0.076794
0.075797
0.078790
0.077793
0.079786
0.075797
0.075798
0.078790
0.078789
0.077792
0.076795
0.081781
0.080784
0.078791
0.072965
0.093728
0.087893
0.068518
0.096101
0.083775
0.079973
0.068608
0.078107
0.074997
0.075797
0.074800
0.072806
0.074799
0.075798
0.074800
0.076795
0.071808
0.076794
0.075798
0.076795
0.074800
0.073592
0.060253
0.062485
0.075931
0.070161
0.078107
0.078107
0.078107
0.062485
0.062485
0.090509
0.062485
0.062485
0.075650
0.075798
0.075798
0.075797
0.074800
0.075797
0.075797
0.077792
0.076794
0.074800
0.076795
0.073802
0.076795
0.074800
0.072806
0.074800
0.072805
0.075797
0.077792
0.073803
0.074800
0.073803
0.077792
0.076795
0.076795
0.086768
0.074800
0.076795
0.077792
0.076795
0.079787
0.077792
0.078789
0.090758
0.074800
0.077792
0.078789
0.078789
0.076795
0.078790
0.076795
0.075797
0.078789
0.079787
0.078789
0.076795
0.078789
0.075797
0.073802
0.076795
0.077792
0.072558
0.078107
0.062485
0.062767
0.078106
0.078107
0.078107
0.078106
0.078107
0.083723
0.071823
0.062485
0.078107
0.082281
0.070811
0.073802
0.071808
0.070811
0.070811
0.070810
0.071808
0.070811
0.072806
0.070811
0.071807
0.068817
0.070811
0.070811
0.068816
0.068816
0.068816
0.070811
0.068816
0.070811
0.070811
0.070811
0.074800
0.072807
0.071808
0.071808
0.073803
0.074800
0.074800
0.073803
0.072805
0.072806
0.071810
0.073802
0.072805
0.071808
0.074800
0.070811
0.072806
0.070811
0.071807
0.073803
0.073803
0.073803
0.075798
0.074801
0.074800
0.074800
0.074800
0.073802
0.072805
0.071809
0.070811
0.068815
0.070811
0.069813
0.071808
0.070811
0.070811
0.070813
0.071808
0.074800
0.073803
0.075798
0.075798
0.074800
0.075798
0.075797
0.077792
0.078789
0.075798
0.074800
0.073803
0.075797
0.074801
0.073803
0.074800
0.074800
0.076794
0.073802
0.075798
0.074800
0.075798
0.074800
0.073803
0.075797
0.073803
0.073803
0.071808
0.071808
0.072806
0.072806
0.073803
0.071808
0.069813
0.071807
0.070811
0.070811
0.072805
0.072805
0.058115
0.078107
0.073196
0.062485
0.078106
0.078107
0.082097
0.071326
0.080310
0.062855
0.078106
0.078107
0.062485
0.062485
0.078107
0.081700
0.070611
0.062485
0.062485
0.075241
0.075797
0.075798
0.075798
0.074800
0.071808
0.070811
0.070811
0.072805
0.073803
0.071808
0.071808
0.070811
0.073803
0.071808
0.069813
0.075798
0.072805
0.072805
0.073803
0.071808
0.074800
0.072805
0.073803
0.073802
0.075798
0.075798
0.073803
0.073803
0.071808
0.074799
0.071808
0.070811
0.071808
0.075797
0.073803
0.073803
0.075798
0.077792
0.076795
0.074800
0.076795
0.075797
0.075798
0.075798
0.073803
0.075798
0.076795
0.076795
0.077792
0.073803
0.076794
0.074800
0.076795
0.073803
0.074800
0.075798
0.076795
0.081781
0.079787
0.073803
0.076795
0.074800
0.071809
0.072806
0.073803
0.072806
0.073803
0.073803
0.075798
0.074800
0.075798
0.073804
0.075798
0.073803
0.075798
