F:\datasets\door_stair/resultVideos/SSD_Inception-door-1\
=========  F:\datasets\door_stair/resultVideos/SSD_Inception-door-1\   ===========
Chart path :  F:\datasets\door_stair/resultVideos/SSD_Inception-door-1\_chart
class -> F:\datasets\door_stair/resultVideos/SSD_Inception-door-1\opened_door.txt
PRECISION opened_door 0.28027681660899656 0.7600000000000005
RECALL opened_door 0.3854748603351955 0.0
F opened_door 0.2566995768688293 0.6600000000000004
Simple Recall 0.9972067039106145 0.7600000000000005
Simple Precision 0.6124567474048442 0.0
class -> F:\datasets\door_stair/resultVideos/SSD_Inception-door-1\closed_door.txt
PRECISION closed_door 0.45348837209302323 0.9400000000000006
RECALL closed_door 1.0 0.0
F closed_door 0.6023166023166023 0.9400000000000006
Simple Recall 1.0 0.9400000000000006
Simple Precision 0.45348837209302323 0.0
class -> F:\datasets\door_stair/resultVideos/SSD_Inception-door-1\elevator_door.txt
PRECISION elevator_door 1.0 0.9000000000000006
RECALL elevator_door 0.9512195121951219 0.0
F elevator_door 0.6575342465753423 0.12999999999999998
Simple Recall 1.0 0.9000000000000006
Simple Precision 1.0 0.0

---- mAPs of   ---
opened_door 0.09420825587722166
closed_door 0.4213851559958492
elevator_door 0.6997510405326175
mAP: 0.4051148174685628



Prediction Speed 
Count => 766 
Sum => 11.352874 
Average => 0.014821 
variance => 0.000003 
stdev => 0.001761 
FPS => 67.5 


0.014960
0.014960
0.014960
0.014960
0.014960
0.013963
0.014961
0.013962
0.014960
0.014960
0.014960
0.013963
0.014961
0.013963
0.014961
0.014960
0.013963
0.013963
0.014960
0.013963
0.013963
0.014960
0.013963
0.013963
0.014960
0.013962
0.013963
0.014960
0.014961
0.013963
0.014960
0.014960
0.013963
0.013963
0.014960
0.013963
0.014960
0.014960
0.013963
0.014960
0.013962
0.013963
0.013963
0.014961
0.014960
0.014960
0.014960
0.014960
0.014960
0.014961
0.014960
0.014960
0.014960
0.014960
0.014960
0.014960
0.014960
0.014960
0.014961
0.014960
0.014960
0.014960
0.014961
0.014961
0.014961
0.015957
0.015958
0.014961
0.014964
0.014960
0.014960
0.014960
0.014960
0.014961
0.015957
0.014960
0.014960
0.014960
0.013963
0.014961
0.014960
0.014960
0.013963
0.015959
0.013962
0.014960
0.014960
0.014960
0.014960
0.014960
0.014960
0.014960
0.014960
0.014961
0.014960
0.014960
0.014960
0.014962
0.013962
0.014960
0.013962
0.013963
0.014960
0.014960
0.014960
0.014960
0.013963
0.014960
0.014961
0.014960
0.014960
0.014961
0.014960
0.014960
0.013963
0.014960
0.014960
0.014960
0.014960
0.014960
0.014961
0.014960
0.013963
0.013963
0.014960
0.014960
0.014961
0.014960
0.013963
0.013963
0.013963
0.015959
0.017950
0.015956
0.014960
0.014960
0.014960
0.014960
0.014960
0.014960
0.014960
0.015959
0.014960
0.014961
0.014960
0.013962
0.014960
0.014960
0.013963
0.013963
0.013963
0.013963
0.014961
0.014960
0.014960
0.014961
0.013962
0.013963
0.014961
0.014960
0.014960
0.014961
0.013963
0.013963
0.014961
0.014960
0.014960
0.014960
0.014960
0.014960
0.014961
0.014960
0.013963
0.014960
0.014960
0.014960
0.014960
0.014961
0.014960
0.015958
0.014961
0.015957
0.014961
0.014961
0.014960
0.014960
0.014960
0.014961
0.014960
0.013963
0.014960
0.014961
0.014960
0.014960
0.013962
0.013963
0.014960
0.014961
0.013963
0.014960
0.013962
0.013963
0.014960
0.013963
0.014960
0.013962
0.014961
0.014961
0.013963
0.014960
0.013963
0.014961
0.014960
0.014960
0.013963
0.014960
0.013963
0.014960
0.014960
0.014961
0.014960
0.014960
0.014961
0.013963
0.014960
0.013963
0.014961
0.013963
0.014960
0.014960
0.014960
0.015957
0.014958
0.015957
0.014959
0.014960
0.014960
0.013963
0.014960
0.014960
0.015958
0.001085
0.000000
0.000000
0.015621
0.015622
0.015621
0.015622
0.015621
0.015621
0.015621
0.015621
0.015621
0.015621
0.015621
0.015621
0.015622
0.015621
0.015621
0.015622
0.015621
0.000000
0.015621
0.015621
0.021273
0.014960
0.014960
0.014961
0.013962
0.014961
0.014961
0.013963
0.015957
0.013963
0.014961
0.014960
0.013963
0.014960
0.014960
0.014960
0.014960
0.014960
0.014960
0.013963
0.014960
0.014960
0.014960
0.015958
0.014960
0.014960
0.015958
0.015958
0.015958
0.014961
0.014960
0.014961
0.014960
0.014960
0.014961
0.013962
0.014960
0.015958
0.014960
0.014960
0.014961
0.014960
0.014960
0.014961
0.014960
0.014960
0.014962
0.013962
0.014960
0.014960
0.014960
0.014960
0.014958
0.014960
0.014960
0.014960
0.014960
0.014960
0.013963
0.013963
0.013963
0.014961
0.014961
0.014960
0.013963
0.014960
0.014961
0.013962
0.014961
0.014960
0.013963
0.013963
0.014961
0.014960
0.013963
0.013963
0.014960
0.014961
0.013963
0.014960
0.014961
0.014960
0.014960
0.013963
0.013963
0.013963
0.014960
0.014960
0.014960
0.014960
0.013963
0.014960
0.013963
0.014961
0.013963
0.013963
0.011041
0.019769
0.013963
0.001158
0.015621
0.015622
0.000000
0.000000
0.015621
0.015621
0.015621
0.015621
0.015622
0.015621
0.015621
0.015622
0.019721
0.013963
0.010201
0.015621
0.015621
0.015621
0.015621
0.015621
0.015621
0.015622
0.015621
0.015621
0.015622
0.015621
0.015621
0.015621
0.015622
0.015621
0.015622
0.015621
0.015621
0.000000
0.015623
0.015620
0.015622
0.015621
0.020772
0.014960
0.014960
0.014960
0.013963
0.014960
0.013963
0.014960
0.015957
0.015958
0.014960
0.014960
0.013962
0.014961
0.014961
0.014960
0.014960
0.014960
0.014960
0.014960
0.014960
0.014960
0.014961
0.014960
0.014960
0.014961
0.015958
0.015958
0.014960
0.014960
0.014960
0.014960
0.029921
0.017952
0.015957
0.015958
0.014960
0.014961
0.013963
0.014961
0.014960
0.014960
0.014960
0.014960
0.014961
0.014960
0.014960
0.014960
0.014960
0.014960
0.013963
0.014960
0.013963
0.014960
0.014961
0.013963
0.014961
0.013963
0.014961
0.013963
0.014960
0.014961
0.013963
0.014960
0.014960
0.014960
0.013963
0.013964
0.013963
0.014960
0.014960
0.013963
0.014960
0.014960
0.014960
0.014960
0.014960
0.013963
0.013963
0.013963
0.014960
0.014960
0.014960
0.013963
0.014960
0.014960
0.013963
0.014960
0.013963
0.013962
0.014960
0.014960
0.014960
0.014960
0.014960
0.014960
0.014960
0.014960
0.013963
0.014960
0.014960
0.013963
0.014960
0.015957
0.015958
0.016955
0.014960
0.013963
0.014960
0.014960
0.013963
0.014960
0.014960
0.013962
0.014960
0.014960
0.013963
0.014960
0.013963
0.013963
0.014962
0.013963
0.014960
0.014960
0.014960
0.013965
0.013963
0.014960
0.014960
0.013963
0.014960
0.014961
0.013963
0.014960
0.013963
0.014960
0.014959
0.013963
0.014961
0.014960
0.014960
0.014961
0.014960
0.014960
0.014960
0.014960
0.014961
0.014960
0.014961
0.014960
0.014960
0.014961
0.014960
0.014961
0.014960
0.013963
0.014961
0.014959
0.015957
0.015957
0.015958
0.014960
0.014960
0.014960
0.014962
0.014960
0.014960
0.014959
0.014960
0.014960
0.014960
0.014960
0.014959
0.014960
0.014960
0.014961
0.014960
0.013963
0.014960
0.014961
0.014960
0.014960
0.015957
0.016955
0.015958
0.015958
0.015957
0.015957
0.015958
0.016955
0.016955
0.015958
0.015957
0.014960
0.015958
0.015957
0.015958
0.015957
0.014960
0.014961
0.014960
0.015958
0.015957
0.014960
0.015957
0.014960
0.014960
0.014961
0.014961
0.014961
0.014960
0.014961
0.014960
0.015957
0.015957
0.015958
0.015958
0.014960
0.014961
0.014960
0.014960
0.014960
0.014960
0.014959
0.013963
0.014960
0.014960
0.014961
0.013963
0.014960
0.014960
0.014960
0.016956
0.015957
0.014960
0.014960
0.014960
0.014961
0.014960
0.014960
0.014960
0.014960
0.014960
0.014960
0.014960
0.014960
0.014961
0.014960
0.014960
0.014960
0.013963
0.014960
0.014960
0.013962
0.014960
0.014960
0.014961
0.014960
0.014961
0.014960
0.015957
0.014960
0.014960
0.014960
0.014960
0.015958
0.016954
0.015957
0.015958
0.014959
0.015957
0.015957
0.016955
0.014960
0.014961
0.014960
0.014960
0.013962
0.014961
0.013963
0.014960
0.013963
0.014960
0.013962
0.014960
0.014961
0.014960
0.013963
0.014960
0.014960
0.014960
0.013963
0.015957
0.014960
0.015958
0.015958
0.014960
0.015958
0.015957
0.014960
0.014961
0.014961
0.014961
0.015958
0.014960
0.014960
0.013963
0.015958
0.014960
0.014960
0.014960
0.014960
0.014960
0.014960
0.013962
0.014960
0.014960
0.014961
0.013962
0.014960
0.013963
0.014961
0.014961
0.013963
0.014960
0.014961
0.013962
0.014960
0.013964
0.014961
0.014960
0.014960
0.013963
0.014960
0.014961
0.014960
0.014960
0.014960
0.014960
0.014960
0.014960
0.014961
0.014960
0.014961
0.014960
0.014960
0.015958
0.014959
0.015959
0.015958
0.015958
0.016955
0.015952
0.014960
0.014960
0.014961
0.014961
0.015958
0.014960
0.014960
0.014960
0.014960
0.014960
0.014960
