F:\datasets\door_stair/resultVideos/SSD_Inception-stair-4\
=========  F:\datasets\door_stair/resultVideos/SSD_Inception-stair-4\   ===========
Chart path :  F:\datasets\door_stair/resultVideos/SSD_Inception-stair-4\_chart
class -> F:\datasets\door_stair/resultVideos/SSD_Inception-stair-4\ascending_stair.txt
PRECISION ascending_stair 1.0 0.35000000000000014
RECALL ascending_stair 0.14838709677419354 0.0
F ascending_stair 0.13813813813813813 0.0
Simple Recall 1.0 0.04
Simple Precision 1.0 0.0
class -> F:\datasets\door_stair/resultVideos/SSD_Inception-stair-4\descending_stair.txt
PRECISION descending_stair 0 0
RECALL descending_stair 0 0
F descending_stair -1.0 0
Simple Recall 0 0
Simple Precision 0 0

---- mAPs of   ---
ascending_stair 0.04636712014804235
descending_stair 0.0
mAP: 0.023183560074021173



Prediction Speed 
Count => 260 
Sum => 4.549318 
Average => 0.017497 
variance => 0.000001 
stdev => 0.001118 
FPS => 57.2 


0.016955
0.015958
0.014960
0.016955
0.014960
0.015957
0.015957
0.015958
0.015958
0.015958
0.015957
0.015958
0.015957
0.015957
0.015958
0.015957
0.015957
0.015958
0.015957
0.015957
0.015957
0.015957
0.016954
0.015957
0.015957
0.015957
0.015957
0.015957
0.015957
0.014960
0.014959
0.014961
0.015957
0.015957
0.015958
0.014960
0.015957
0.017951
0.016955
0.016955
0.015955
0.015958
0.016954
0.015958
0.014960
0.014960
0.014960
0.015957
0.015958
0.015957
0.016954
0.015958
0.015956
0.015957
0.015958
0.015957
0.015959
0.015956
0.015957
0.015957
0.015958
0.015957
0.015957
0.015957
0.016949
0.015957
0.016955
0.015957
0.016954
0.019946
0.017952
0.017952
0.018950
0.018949
0.017952
0.017951
0.017952
0.017952
0.017952
0.018949
0.017951
0.016955
0.017951
0.017951
0.017952
0.017952
0.017952
0.016955
0.017952
0.017952
0.017952
0.017952
0.017951
0.017952
0.018949
0.018950
0.017952
0.018949
0.017951
0.017951
0.017952
0.018949
0.017952
0.017952
0.017952
0.016955
0.017952
0.016956
0.017952
0.017952
0.017952
0.017952
0.018950
0.018949
0.017952
0.018947
0.017953
0.018949
0.018949
0.016955
0.016955
0.017952
0.017952
0.016954
0.017952
0.017952
0.017953
0.017951
0.017952
0.017952
0.017952
0.016955
0.017951
0.017951
0.017952
0.017951
0.017952
0.017952
0.017953
0.016954
0.017952
0.017951
0.017952
0.017952
0.017952
0.017952
0.017952
0.018950
0.017952
0.017953
0.017952
0.017952
0.016954
0.017952
0.016955
0.018949
0.017952
0.017952
0.018949
0.017952
0.017952
0.017953
0.017952
0.017953
0.017952
0.017951
0.016955
0.017952
0.017952
0.017951
0.017952
0.018950
0.017952
0.017952
0.018950
0.017951
0.017952
0.017952
0.016955
0.017952
0.017952
0.018950
0.017952
0.017952
0.022939
0.020454
0.017952
0.017952
0.018946
0.017952
0.016954
0.017952
0.016955
0.017952
0.017951
0.017952
0.018949
0.016954
0.017952
0.017952
0.017952
0.018950
0.018949
0.017952
0.016954
0.017952
0.017952
0.017952
0.017952
0.017952
0.017952
0.017952
0.017952
0.017952
0.017951
0.017952
0.017952
0.016955
0.017951
0.017952
0.017952
0.016954
0.017952
0.016955
0.017951
0.016955
0.017952
0.017952
0.017951
0.018950
0.019947
0.018950
0.017952
0.018950
0.017952
0.017952
0.017952
0.017952
0.017952
0.018948
0.017952
0.018949
0.016955
0.017952
0.017952
0.016955
0.016955
0.017952
0.017952
0.017952
0.017952
0.017951
0.018949
0.017951
0.017952
0.017952
0.017952
0.018950
0.017952
0.017951
