F:\datasets\door_stair/resultVideos/SSD_Inception-door-4\
=========  F:\datasets\door_stair/resultVideos/SSD_Inception-door-4\   ===========
Chart path :  F:\datasets\door_stair/resultVideos/SSD_Inception-door-4\_chart
class -> F:\datasets\door_stair/resultVideos/SSD_Inception-door-4\opened_door.txt
PRECISION opened_door 0 0
RECALL opened_door 0 0
F opened_door -1.0 0
Simple Recall 0 0
Simple Precision 0 0
class -> F:\datasets\door_stair/resultVideos/SSD_Inception-door-4\closed_door.txt
PRECISION closed_door 0.2638888888888889 0.9200000000000006
RECALL closed_door 0.22346368715083798 0.0
F closed_door 0.1532567049808429 0.8900000000000006
Simple Recall 1.0 0.9400000000000006
Simple Precision 0.6774193548387096 0.0
class -> F:\datasets\door_stair/resultVideos/SSD_Inception-door-4\elevator_door.txt
PRECISION elevator_door 0.022099447513812154 0.0
RECALL elevator_door 0.057971014492753624 0.0
F elevator_door 0.031999999999999994 0.0
Simple Recall 0.5652173913043478 0.0
Simple Precision 0.2154696132596685 0.0

---- mAPs of   ---
opened_door 0.0
closed_door 0.04005028881968617
elevator_door 0.0012811273921050524
mAP: 0.01377713873726374



Prediction Speed 
Count => 595 
Sum => 9.302970 
Average => 0.015635 
variance => 0.000001 
stdev => 0.001203 
FPS => 64.0 


0.014960
0.014961
0.015957
0.016955
0.015958
0.015957
0.015958
0.016955
0.015957
0.015958
0.015956
0.014960
0.014960
0.015957
0.015958
0.016955
0.016955
0.015958
0.015958
0.014961
0.014960
0.014960
0.014960
0.014961
0.014961
0.014960
0.014960
0.014960
0.015958
0.014960
0.015957
0.015958
0.015957
0.015957
0.015957
0.016955
0.015957
0.015958
0.015955
0.014959
0.015956
0.015957
0.014960
0.014960
0.014961
0.015957
0.015958
0.014960
0.014960
0.015957
0.014961
0.015957
0.015958
0.014961
0.015957
0.014960
0.014960
0.015958
0.014960
0.014960
0.015958
0.014960
0.014959
0.015957
0.015958
0.015958
0.015957
0.015958
0.015958
0.014961
0.015958
0.014959
0.014961
0.015957
0.014960
0.015957
0.014961
0.014960
0.014961
0.014960
0.014960
0.014960
0.015958
0.014960
0.014960
0.014960
0.015957
0.014960
0.014960
0.014960
0.014961
0.015957
0.016955
0.015958
0.014960
0.014960
0.015958
0.015958
0.014960
0.014960
0.014960
0.014962
0.014960
0.014960
0.015958
0.014960
0.015958
0.014961
0.015958
0.015957
0.014960
0.015957
0.014960
0.014961
0.014960
0.014960
0.014959
0.014960
0.014960
0.016955
0.015958
0.014960
0.014961
0.015958
0.015958
0.015957
0.015958
0.014960
0.015958
0.015958
0.014960
0.015958
0.015956
0.015957
0.015957
0.016955
0.015957
0.015957
0.015957
0.014961
0.015956
0.015958
0.015958
0.014960
0.014959
0.015957
0.014960
0.015958
0.015958
0.013963
0.014961
0.014960
0.015957
0.014961
0.015958
0.014960
0.014960
0.015957
0.014960
0.015958
0.014960
0.015957
0.014960
0.014961
0.014960
0.014960
0.014960
0.016955
0.014960
0.015957
0.014960
0.015958
0.014959
0.016955
0.015957
0.015957
0.014961
0.014961
0.015957
0.015957
0.014960
0.015958
0.014960
0.015957
0.015958
0.014960
0.014960
0.015957
0.014960
0.015957
0.015957
0.014960
0.015957
0.014960
0.015958
0.015957
0.015958
0.015958
0.015958
0.015958
0.015958
0.015958
0.015957
0.015958
0.014959
0.015958
0.014961
0.015958
0.014960
0.015957
0.015958
0.014960
0.014960
0.015958
0.015957
0.014960
0.014960
0.014962
0.015957
0.015958
0.015958
0.014960
0.014960
0.013962
0.014960
0.014960
0.014961
0.015957
0.014960
0.015957
0.015958
0.014960
0.015957
0.015958
0.014959
0.015957
0.015957
0.014960
0.015958
0.014960
0.014960
0.015958
0.018950
0.017952
0.015954
0.015958
0.015957
0.016955
0.015957
0.016955
0.015958
0.014960
0.015958
0.015958
0.015957
0.016955
0.015958
0.016955
0.014960
0.014960
0.015958
0.014960
0.015958
0.014961
0.014960
0.015957
0.014960
0.015958
0.014961
0.014960
0.015957
0.015958
0.014960
0.014959
0.015958
0.017952
0.014959
0.016954
0.015958
0.015957
0.015957
0.014959
0.015958
0.015957
0.015957
0.016956
0.015957
0.015957
0.014960
0.016955
0.016955
0.016955
0.017953
0.014960
0.014960
0.015957
0.014960
0.014960
0.015958
0.015958
0.015957
0.015958
0.015958
0.015958
0.015957
0.015958
0.015958
0.015958
0.015958
0.015957
0.015957
0.015957
0.015958
0.015957
0.015957
0.015957
0.015958
0.014960
0.014960
0.015957
0.015958
0.014960
0.014958
0.015955
0.015957
0.015957
0.014961
0.015957
0.015957
0.014960
0.016955
0.015955
0.016955
0.016953
0.015959
0.015957
0.015957
0.015958
0.015956
0.015959
0.015958
0.014961
0.015958
0.016955
0.015958
0.015958
0.015957
0.014960
0.014960
0.014960
0.014960
0.014960
0.014960
0.014960
0.014960
0.014960
0.014960
0.015958
0.015958
0.014960
0.014960
0.015958
0.014961
0.014960
0.014959
0.014960
0.015958
0.015958
0.015958
0.015957
0.015957
0.014960
0.015958
0.014960
0.014960
0.016956
0.015958
0.016955
0.016955
0.014960
0.014960
0.014960
0.014961
0.015957
0.014959
0.014959
0.015958
0.015958
0.015957
0.015957
0.015958
0.015958
0.015957
0.015957
0.014960
0.015957
0.014960
0.014960
0.014960
0.015958
0.015957
0.014960
0.015957
0.014960
0.015958
0.015957
0.015958
0.015958
0.014961
0.015958
0.014960
0.015958
0.014960
0.015957
0.016955
0.014960
0.016955
0.015958
0.015958
0.014961
0.015958
0.015958
0.014960
0.014960
0.014960
0.015957
0.015435
0.015958
0.014960
0.015957
0.014959
0.015958
0.015958
0.014960
0.015958
0.014960
0.015957
0.014961
0.015957
0.015958
0.014960
0.014960
0.015958
0.015958
0.014960
0.015957
0.014959
0.015958
0.014960
0.014960
0.015958
0.015957
0.015957
0.014961
0.014960
0.015957
0.015958
0.015957
0.015958
0.015957
0.014960
0.015957
0.015957
0.015958
0.015958
0.015957
0.014960
0.015958
0.015957
0.014960
0.015958
0.015958
0.015958
0.014961
0.015958
0.015957
0.014960
0.014960
0.014960
0.015958
0.014960
0.015958
0.015958
0.015958
0.015957
0.015958
0.015958
0.014960
0.001603
0.004084
0.015622
0.015621
0.015621
0.019659
0.014959
0.015621
0.015621
0.015621
0.015621
0.017717
0.015622
0.015620
0.016150
0.017953
0.017952
0.017952
0.015957
0.015957
0.015958
0.015958
0.015958
0.015958
0.015958
0.012131
0.023133
0.015622
0.015621
0.015622
0.015621
0.015621
0.015621
0.015621
0.015621
0.015622
0.015621
0.015622
0.015622
0.015621
0.015621
0.015622
0.015621
0.029940
0.015956
0.016954
0.015958
0.015958
0.015957
0.015957
0.015958
0.015957
0.015958
0.015958
0.015958
0.015958
0.015957
0.015957
0.015958
0.016955
0.015957
0.015957
0.015957
0.015958
0.016955
0.015958
0.015957
0.015957
0.014960
0.015958
0.015958
0.015957
0.014960
0.014960
0.015957
0.014960
0.015956
0.015958
0.015957
0.014960
0.015958
0.014960
0.015957
0.014961
0.015956
0.015957
0.015958
0.015957
0.014960
0.014960
0.014959
0.015957
0.014960
0.014960
0.014960
0.015958
0.014960
0.014960
0.014960
0.014960
0.015958
0.014960
0.014960
0.015958
0.014960
0.015958
0.014960
