F:\datasets\door_stair/resultVideos/SSD_Inception-door-2\
=========  F:\datasets\door_stair/resultVideos/SSD_Inception-door-2\   ===========
Chart path :  F:\datasets\door_stair/resultVideos/SSD_Inception-door-2\_chart
class -> F:\datasets\door_stair/resultVideos/SSD_Inception-door-2\opened_door.txt
PRECISION opened_door 0.22709163346613545 0.9300000000000006
RECALL opened_door 1.0 0.0
F opened_door 0.3348214285714286 0.8400000000000005
Simple Recall 1.0 0.9300000000000006
Simple Precision 0.23904382470119523 0.0
class -> F:\datasets\door_stair/resultVideos/SSD_Inception-door-2\closed_door.txt
PRECISION closed_door 0.21951219512195122 0.9400000000000006
RECALL closed_door 0.3096085409252669 0.0
F closed_door 0.17516339869281047 0.03
Simple Recall 1.0 0.10999999999999999
Simple Precision 0.5673758865248227 0.0
class -> F:\datasets\door_stair/resultVideos/SSD_Inception-door-2\elevator_door.txt
PRECISION elevator_door 0.6162790697674418 0.6500000000000004
RECALL elevator_door 0.5766423357664233 0.0
F elevator_door 0.4962406015037594 0.09999999999999999
Simple Recall 0.927007299270073 0.6500000000000004
Simple Precision 0.6162790697674418 0.0

---- mAPs of   ---
opened_door 0.2121117377166744
closed_door 0.04409165619944277
elevator_door 0.3224355636019133
mAP: 0.19287965250601014



Prediction Speed 
Count => 1090 
Sum => 17.351723 
Average => 0.015919 
variance => 0.000003 
stdev => 0.001609 
FPS => 62.8 


0.014960
0.014960
0.015957
0.015958
0.014959
0.015958
0.014961
0.015958
0.014960
0.015958
0.014959
0.014961
0.015958
0.015957
0.014960
0.014961
0.014961
0.015957
0.014960
0.014961
0.014960
0.015957
0.014960
0.014960
0.014961
0.014960
0.014961
0.015958
0.014960
0.015958
0.014959
0.014960
0.015958
0.014960
0.014960
0.015958
0.014960
0.015959
0.015958
0.014961
0.016955
0.016955
0.018949
0.017952
0.016956
0.015958
0.015957
0.015957
0.015957
0.016955
0.015957
0.015958
0.014960
0.016955
0.015957
0.015958
0.015957
0.015958
0.015958
0.016955
0.015958
0.016955
0.015957
0.015958
0.015957
0.015957
0.016956
0.015957
0.013081
0.015621
0.015621
0.015619
0.015621
0.015622
0.015621
0.015622
0.015621
0.015621
0.015621
0.015622
0.015622
0.015622
0.015621
0.015622
0.015621
0.028546
0.008129
0.015621
0.015621
0.015621
0.015622
0.015621
0.025587
0.017951
0.016955
0.016955
0.015954
0.016955
0.015958
0.016954
0.016955
0.016955
0.015957
0.016954
0.016955
0.017952
0.016955
0.016955
0.016955
0.015957
0.015958
0.015957
0.015957
0.015828
0.015621
0.015621
0.015621
0.015622
0.016955
0.016954
0.015957
0.016954
0.015958
0.015957
0.015957
0.015957
0.015957
0.017952
0.016955
0.016956
0.016953
0.016953
0.016955
0.015957
0.015957
0.015958
0.016954
0.015958
0.016954
0.016955
0.016955
0.010019
0.015622
0.015621
0.015621
0.015621
0.015622
0.015621
0.015622
0.015621
0.015622
0.015623
0.015620
0.015798
0.017952
0.016954
0.015957
0.015957
0.016955
0.015957
0.015958
0.016955
0.015957
0.015958
0.016955
0.015957
0.015957
0.015958
0.015957
0.015958
0.015956
0.016955
0.015958
0.014960
0.016955
0.016954
0.016955
0.015958
0.015954
0.016955
0.015957
0.014961
0.014960
0.014960
0.015957
0.015957
0.016956
0.015957
0.015956
0.015958
0.015958
0.016955
0.016955
0.015958
0.015957
0.015957
0.016954
0.015960
0.015959
0.015957
0.014960
0.015957
0.015957
0.015958
0.015957
0.015957
0.015957
0.015957
0.015957
0.015958
0.015957
0.015957
0.015957
0.016954
0.015958
0.014959
0.015957
0.015958
0.014960
0.015958
0.015957
0.016955
0.015957
0.015957
0.015957
0.015957
0.016955
0.016955
0.016954
0.016954
0.015956
0.016955
0.016955
0.015957
0.015958
0.015957
0.016949
0.015957
0.015957
0.016955
0.016955
0.016953
0.016955
0.016955
0.015957
0.015957
0.015957
0.015958
0.015958
0.014960
0.015957
0.015957
0.016954
0.016955
0.015957
0.015957
0.016955
0.015958
0.015957
0.015958
0.015957
0.016955
0.015957
0.016955
0.016955
0.015958
0.015957
0.017951
0.017953
0.016955
0.015958
0.014958
0.015957
0.017952
0.015955
0.014961
0.015957
0.016956
0.016955
0.016956
0.016955
0.016955
0.015957
0.015955
0.016955
0.015957
0.015956
0.015958
0.015957
0.015957
0.015957
0.015958
0.016956
0.016953
0.015957
0.015957
0.015958
0.015957
0.015956
0.015958
0.016955
0.015957
0.015957
0.015958
0.016955
0.016954
0.016954
0.014960
0.015957
0.015957
0.015957
0.015957
0.015957
0.015957
0.015957
0.015958
0.015958
0.015958
0.016955
0.015957
0.015957
0.015961
0.015957
0.015956
0.014960
0.015957
0.015957
0.015957
0.015957
0.014960
0.015958
0.015958
0.015957
0.015957
0.015957
0.015957
0.016954
0.015958
0.016955
0.015957
0.015957
0.014960
0.015957
0.015958
0.015958
0.015958
0.015957
0.015958
0.015957
0.014960
0.014960
0.014960
0.015958
0.014959
0.015957
0.015957
0.015957
0.015958
0.015958
0.015957
0.015957
0.015957
0.015958
0.014962
0.015958
0.015957
0.015957
0.015958
0.015958
0.014961
0.014959
0.015957
0.015957
0.015957
0.016955
0.014959
0.014960
0.015957
0.016955
0.015958
0.015957
0.015957
0.015958
0.015957
0.014960
0.015958
0.014960
0.015958
0.015957
0.015958
0.015958
0.015958
0.015957
0.015957
0.015957
0.014960
0.015957
0.015958
0.015958
0.015957
0.015957
0.015957
0.015957
0.015958
0.016955
0.015956
0.015957
0.014960
0.015957
0.014960
0.014960
0.015958
0.015957
0.015957
0.015958
0.015958
0.015958
0.015958
0.015958
0.015957
0.015958
0.015957
0.015958
0.016955
0.015957
0.014960
0.015958
0.015957
0.014960
0.015958
0.015957
0.015958
0.015958
0.014960
0.014960
0.014959
0.016955
0.015957
0.015958
0.015957
0.014960
0.015957
0.015957
0.014961
0.014960
0.014960
0.014960
0.014960
0.014960
0.014960
0.015957
0.015957
0.015957
0.015957
0.015958
0.015957
0.015958
0.015957
0.015958
0.015957
0.015957
0.015957
0.015957
0.015958
0.015957
0.015956
0.015957
0.014961
0.015958
0.016955
0.015958
0.015954
0.014960
0.015957
0.015957
0.015957
0.015957
0.015957
0.015958
0.015958
0.015958
0.014960
0.015957
0.015957
0.015957
0.015957
0.015958
0.016090
0.014960
0.014959
0.015958
0.015958
0.015957
0.015958
0.015957
0.015958
0.015958
0.015957
0.015959
0.015957
0.015957
0.015957
0.015958
0.014960
0.015959
0.015957
0.015957
0.014960
0.014959
0.014960
0.015957
0.015957
0.015957
0.015958
0.015958
0.015958
0.015957
0.015957
0.016954
0.014960
0.015957
0.015958
0.015957
0.015957
0.015958
0.015959
0.015956
0.015958
0.014960
0.015957
0.014959
0.016955
0.017952
0.015957
0.017951
0.015958
0.015957
0.015958
0.015957
0.015957
0.014961
0.015957
0.015958
0.015957
0.015958
0.015958
0.016955
0.016955
0.015957
0.016954
0.015957
0.015958
0.015959
0.016955
0.015958
0.016954
0.015958
0.015957
0.015958
0.015957
0.015957
0.016955
0.014960
0.015957
0.015957
0.015957
0.014959
0.015957
0.015957
0.015957
0.015958
0.014961
0.015957
0.015958
0.015958
0.015958
0.014960
0.015956
0.015957
0.016954
0.015958
0.015957
0.015957
0.015957
0.015958
0.014960
0.015958
0.015958
0.015957
0.015958
0.015957
0.016955
0.015958
0.015957
0.015957
0.016955
0.015958
0.015958
0.015957
0.015957
0.014959
0.015957
0.015957
0.015958
0.015957
0.015957
0.015957
0.015957
0.014960
0.015957
0.014960
0.015957
0.014959
0.015958
0.015958
0.015957
0.014960
0.015957
0.015957
0.015957
0.015957
0.015957
0.015957
0.015958
0.014959
0.015957
0.015958
0.016954
0.016955
0.015957
0.015958
0.016955
0.016955
0.015957
0.015957
0.014959
0.015959
0.015957
0.015958
0.015957
0.014960
0.016955
0.015958
0.015957
0.015957
0.015957
0.015958
0.015958
0.004027
0.029740
0.015957
0.014959
0.015958
0.015958
0.015958
0.015957
0.015957
0.015957
0.015957
0.015958
0.015958
0.015957
0.015957
0.015957
0.015958
0.014960
0.014960
0.015957
0.015958
0.015957
0.015958
0.014960
0.016955
0.014963
0.014961
0.015957
0.015959
0.014960
0.015957
0.015958
0.015957
0.015959
0.015957
0.016955
0.015957
0.015958
0.016955
0.015958
0.015957
0.015957
0.016956
0.015958
0.015958
0.015958
0.015956
0.016955
0.015958
0.014959
0.015957
0.016955
0.015957
0.015957
0.015958
0.016955
0.016954
0.016955
0.015958
0.016954
0.015958
0.015957
0.015957
0.015958
0.015957
0.015957
0.016955
0.015957
0.015957
0.015958
0.014960
0.014960
0.014960
0.014960
0.015957
0.015958
0.015958
0.015957
0.014960
0.015957
0.015957
0.015957
0.015957
0.015957
0.014960
0.016955
0.015958
0.015957
0.014960
0.015958
0.014960
0.014960
0.015958
0.015958
0.015957
0.014960
0.014960
0.015958
0.015958
0.015958
0.014960
0.014959
0.015958
0.015958
0.014960
0.014960
0.015958
0.014961
0.015958
0.015958
0.014960
0.014961
0.014960
0.014960
0.015957
0.015958
0.015958
0.015957
0.014961
0.015957
0.015958
0.015958
0.015957
0.015958
0.015957
0.015958
0.015958
0.015958
0.014960
0.014960
0.014961
0.014960
0.015958
0.015958
0.015958
0.014961
0.014960
0.015957
0.014959
0.015958
0.015958
0.014960
0.015958
0.014960
0.015957
0.014961
0.015957
0.014960
0.015958
0.014960
0.014960
0.014961
0.014960
0.014960
0.015958
0.014960
0.015958
0.015958
0.015957
0.014960
0.014959
0.015957
0.014960
0.014958
0.015957
0.015958
0.014961
0.014960
0.015958
0.009325
0.015621
0.015621
0.015621
0.015622
0.015621
0.015621
0.025487
0.008106
0.015622
0.015621
0.015621
0.015621
0.015622
0.019710
0.016956
0.015956
0.017951
0.015957
0.015957
0.015958
0.015957
0.015957
0.015955
0.015958
0.010102
0.022831
0.015923
0.015621
0.015621
0.026393
0.014959
0.015958
0.015958
0.015958
0.015958
0.014960
0.006171
0.015621
0.000000
0.015621
0.015621
0.015621
0.023917
0.015958
0.014960
0.014960
0.014960
0.015957
0.014960
0.014959
0.015957
0.015958
0.014959
0.014959
0.015957
0.014960
0.015958
0.015958
0.014959
0.015958
0.015958
0.015958
0.015958
0.016954
0.016952
0.016953
0.015958
0.015958
0.014960
0.015957
0.015957
0.015957
0.013303
0.015621
0.023933
0.015621
0.015622
0.015621
0.015621
0.031242
0.015622
0.015621
0.015621
0.015622
0.015621
0.000000
0.015621
0.015621
0.015621
0.015622
0.015621
0.029531
0.015957
0.015957
0.015959
0.014960
0.015957
0.015958
0.015957
0.014961
0.014961
0.015958
0.015957
0.015957
0.014960
0.015958
0.014960
0.016954
0.015957
0.015957
0.015958
0.014960
0.015958
0.014960
0.014959
0.014958
0.015957
0.015958
0.014960
0.015957
0.015957
0.015958
0.015958
0.014960
0.015957
0.015958
0.015958
0.015957
0.015957
0.015958
0.014960
0.014960
0.015958
0.015957
0.014960
0.014960
0.014960
0.014960
0.014960
0.014959
0.015957
0.014960
0.015959
0.028921
0.016954
0.016956
0.015957
0.015958
0.015958
0.016955
0.015958
0.015957
0.015957
0.015958
0.015958
0.016954
0.016955
0.015958
0.015958
0.014961
0.014960
0.014960
0.014960
0.014960
0.015957
0.014961
0.015957
0.015958
0.015958
0.015957
0.014961
0.015958
0.014961
0.015958
0.014961
0.014960
0.015957
0.015958
0.017952
0.017952
0.016955
0.015959
0.016955
0.015959
0.014960
0.015959
0.015957
0.015958
0.014959
0.015957
0.015957
0.015957
0.016955
0.015958
0.015957
0.015958
0.014961
0.014960
0.014959
0.014960
0.015958
0.014961
0.014960
0.015958
0.014960
0.015958
0.015960
0.015957
0.015956
0.015958
0.014960
0.014960
0.014961
0.015957
0.015958
0.015957
0.015958
0.015958
0.014960
0.015957
0.014960
0.015957
0.015957
0.015957
0.015958
0.015958
0.015958
0.015958
0.015958
0.014961
0.015957
0.014960
0.015957
0.014960
0.015957
0.015958
0.015958
0.015957
0.015958
0.015957
0.014960
0.015958
0.015958
0.015957
0.016955
0.015958
0.015957
0.015957
0.014960
0.015957
0.016955
0.015957
0.015957
0.015958
0.015957
0.015957
0.015957
0.015958
0.014960
0.014961
0.015958
0.015957
0.016955
0.015957
0.015958
0.015958
0.015957
0.015957
0.015958
0.015958
0.015958
0.015957
