F:\datasets\door_stair/resultVideos/SSD_Inception-stair-1\
=========  F:\datasets\door_stair/resultVideos/SSD_Inception-stair-1\   ===========
Chart path :  F:\datasets\door_stair/resultVideos/SSD_Inception-stair-1\_chart
class -> F:\datasets\door_stair/resultVideos/SSD_Inception-stair-1\ascending_stair.txt
PRECISION ascending_stair 0.9903846153846154 0.9100000000000006
RECALL ascending_stair 0.8676470588235294 0.0
F ascending_stair 0.7276688453159041 0.10999999999999999
Simple Recall 1.0 0.2700000000000001
Simple Precision 1.0 0.0
class -> F:\datasets\door_stair/resultVideos/SSD_Inception-stair-1\descending_stair.txt
PRECISION descending_stair 0 0
RECALL descending_stair 0 0
F descending_stair -1.0 0
Simple Recall 0 0
Simple Precision 0 0

---- mAPs of   ---
ascending_stair 0.7258887504874314
descending_stair 0.0
mAP: 0.3629443752437157



Prediction Speed 
Count => 370 
Sum => 5.608044 
Average => 0.015157 
variance => 0.000001 
stdev => 0.000941 
FPS => 66.0 


0.014960
0.014961
0.014961
0.014960
0.014960
0.014960
0.014961
0.014960
0.014960
0.015957
0.014961
0.014960
0.014960
0.014960
0.014960
0.015959
0.014960
0.014960
0.015958
0.014960
0.014960
0.014960
0.014960
0.014960
0.014960
0.014960
0.014960
0.014960
0.015958
0.014960
0.014960
0.014960
0.014960
0.015957
0.014959
0.015957
0.014961
0.014960
0.014960
0.014960
0.014960
0.015957
0.015958
0.014960
0.014960
0.014960
0.014960
0.014961
0.014960
0.014959
0.014960
0.014960
0.014960
0.014960
0.015958
0.014960
0.015959
0.014959
0.015958
0.014960
0.014961
0.013962
0.014961
0.014961
0.014960
0.014960
0.014960
0.014960
0.014960
0.014960
0.014960
0.014960
0.013963
0.014961
0.015958
0.015958
0.014959
0.015958
0.027921
0.017952
0.014958
0.015957
0.014960
0.014960
0.014960
0.013963
0.014960
0.015958
0.015957
0.015957
0.015957
0.014961
0.013962
0.014960
0.014961
0.014960
0.014960
0.014960
0.014961
0.013963
0.013963
0.013962
0.014960
0.014961
0.014960
0.015958
0.014960
0.014960
0.014960
0.014961
0.014960
0.014960
0.013961
0.014961
0.014960
0.014960
0.014961
0.014960
0.014960
0.014960
0.014960
0.014960
0.014960
0.014960
0.014960
0.014960
0.014960
0.014960
0.014960
0.014959
0.014960
0.014960
0.014960
0.014959
0.015958
0.015956
0.014960
0.014960
0.014961
0.014960
0.014961
0.015958
0.014960
0.013962
0.015958
0.014961
0.014961
0.013963
0.015957
0.014960
0.014960
0.014960
0.014960
0.014960
0.014961
0.014961
0.014961
0.014960
0.014960
0.013963
0.015957
0.015957
0.015958
0.017951
0.015958
0.015958
0.014960
0.014960
0.014960
0.014960
0.014959
0.014960
0.015957
0.014960
0.015957
0.017952
0.015957
0.015957
0.014960
0.014960
0.014960
0.014960
0.014961
0.014960
0.014960
0.014960
0.014960
0.014960
0.013963
0.013963
0.014960
0.014960
0.014960
0.013958
0.014960
0.015957
0.014960
0.015957
0.014960
0.014961
0.017951
0.016955
0.016955
0.015958
0.014960
0.015958
0.014960
0.015957
0.015957
0.014960
0.014960
0.014960
0.014960
0.015957
0.016954
0.015957
0.016954
0.014960
0.014961
0.015958
0.014961
0.014960
0.014961
0.014960
0.015957
0.015958
0.014960
0.014960
0.014960
0.015958
0.015957
0.015957
0.015957
0.015958
0.015957
0.015957
0.014960
0.015958
0.014960
0.015958
0.014960
0.015958
0.014961
0.015958
0.015957
0.014959
0.015958
0.015957
0.014961
0.015958
0.015957
0.014961
0.014960
0.015957
0.014960
0.014960
0.015957
0.014960
0.015958
0.014961
0.015958
0.015957
0.015958
0.015958
0.014961
0.015958
0.015958
0.015954
0.014961
0.014960
0.014959
0.015958
0.014961
0.014961
0.014960
0.014961
0.015957
0.014961
0.014960
0.014960
0.015957
0.014960
0.014960
0.014960
0.014960
0.014960
0.015957
0.014960
0.014961
0.014960
0.015958
0.014961
0.014960
0.015958
0.014960
0.015958
0.014960
0.014960
0.013962
0.015958
0.014960
0.014961
0.014960
0.014960
0.015957
0.014961
0.015958
0.013963
0.014960
0.014960
0.014960
0.014960
0.013963
0.013962
0.014960
0.013963
0.014960
0.014960
0.014960
0.013963
0.013962
0.014960
0.013962
0.014960
0.014961
0.014960
0.014960
0.013963
0.014961
0.014961
0.014960
0.014960
0.013963
0.013963
0.014961
0.013963
0.013963
0.014960
0.013963
0.014960
0.014961
0.013963
0.014960
0.013963
0.013963
0.014960
0.014960
0.013963
0.013962
0.013963
0.013963
0.013963
0.014961
0.014960
0.013963
0.014960
0.014961
0.013963
0.013964
0.014960
0.014961
0.014960
0.014960
0.013963
0.014960
0.014960
0.013963
0.014960
0.014960
0.014960
