F:\datasets\door_stair/resultVideos/Faster_Inception-stair-1\
=========  F:\datasets\door_stair/resultVideos/Faster_Inception-stair-1\   ===========
Chart path :  F:\datasets\door_stair/resultVideos/Faster_Inception-stair-1\_chart
class -> F:\datasets\door_stair/resultVideos/Faster_Inception-stair-1\ascending_stair.txt
PRECISION ascending_stair 0.743801652892562 0.11999999999999998
RECALL ascending_stair 0.7784431137724551 0.0
F ascending_stair 0.7223880597014927 0.03
Simple Recall 1.0 0.6200000000000003
Simple Precision 1.0 0.0
class -> F:\datasets\door_stair/resultVideos/Faster_Inception-stair-1\descending_stair.txt
PRECISION descending_stair 0 0
RECALL descending_stair 0 0
F descending_stair -1.0 0
Simple Recall 0 0
Simple Precision 0 0

---- mAPs of   ---
ascending_stair 0.5728819182151389
descending_stair 0.0
mAP: 0.28644095910756945



Prediction Speed 
Count => 370 
Sum => 26.388758 
Average => 0.071321 
variance => 0.000015 
stdev => 0.003919 
FPS => 14.0 


0.074800
0.074800
0.074800
0.074800
0.058846
0.062485
0.078106
0.085645
0.059869
0.073627
0.073802
0.073803
0.071808
0.073803
0.070811
0.072805
0.071808
0.073803
0.073803
0.071808
0.073803
0.070811
0.071808
0.071808
0.073802
0.072805
0.072805
0.071808
0.072805
0.071808
0.070810
0.073803
0.073803
0.071808
0.071808
0.071808
0.071808
0.071808
0.071808
0.071808
0.073803
0.075797
0.073803
0.074800
0.073803
0.072806
0.070811
0.070811
0.071808
0.071808
0.072805
0.072806
0.072806
0.071808
0.071808
0.073803
0.073802
0.071807
0.071808
0.070811
0.070811
0.071810
0.072806
0.072805
0.072806
0.072806
0.073803
0.072805
0.072805
0.073803
0.072805
0.073803
0.072806
0.072805
0.072805
0.073803
0.071808
0.073803
0.071807
0.073803
0.071808
0.070811
0.070811
0.072806
0.069813
0.071808
0.071808
0.071808
0.070811
0.071808
0.071808
0.070811
0.073803
0.071809
0.069813
0.068816
0.068816
0.066821
0.067819
0.066822
0.068816
0.066821
0.069813
0.068817
0.067819
0.068816
0.069814
0.069813
0.070811
0.069813
0.068816
0.068816
0.068816
0.068818
0.068816
0.065824
0.067818
0.070811
0.067819
0.067819
0.068816
0.068816
0.068816
0.069813
0.067819
0.069813
0.069814
0.068815
0.068816
0.069813
0.069813
0.068816
0.069813
0.069814
0.069813
0.067819
0.068816
0.070811
0.069813
0.069813
0.070810
0.070811
0.072806
0.071808
0.073803
0.073803
0.072805
0.071808
0.070811
0.072806
0.069813
0.069814
0.069813
0.069813
0.070811
0.069813
0.069813
0.068816
0.072805
0.069814
0.071808
0.074799
0.074800
0.071808
0.071808
0.075798
0.072806
0.073803
0.073803
0.074800
0.073803
0.073802
0.074800
0.073803
0.072805
0.072805
0.073803
0.074800
0.072806
0.070811
0.072806
0.072805
0.072805
0.070811
0.070811
0.070811
0.071808
0.069814
0.071809
0.074800
0.074800
0.072805
0.070811
0.068816
0.069813
0.070811
0.069813
0.069814
0.070811
0.066606
0.062485
0.078106
0.062485
0.062485
0.078107
0.062485
0.078107
0.062485
0.062485
0.078107
0.074134
0.060917
0.078107
0.082211
0.070811
0.071808
0.068816
0.068816
0.068816
0.068817
0.066822
0.067819
0.065824
0.066822
0.066822
0.066821
0.065824
0.067819
0.066821
0.065824
0.065824
0.065824
0.066821
0.066821
0.068816
0.069813
0.068815
0.069813
0.069813
0.068816
0.069814
0.071808
0.072805
0.072806
0.072805
0.070811
0.073803
0.070810
0.073803
0.071808
0.071808
0.071808
0.072805
0.072806
0.074800
0.072805
0.073803
0.073803
0.073803
0.072805
0.073803
0.071808
0.071808
0.071808
0.072805
0.071808
0.071808
0.069813
0.067818
0.067819
0.067819
0.068816
0.069814
0.067819
0.069813
0.068816
0.068816
0.072806
0.069813
0.069813
0.069813
0.072805
0.071808
0.070811
0.071808
0.070812
0.073802
0.071809
0.073803
0.072805
0.074800
0.073803
0.074801
0.073802
0.075796
0.075798
0.079787
0.074800
0.075797
0.080784
0.079787
0.078790
0.074596
0.078106
0.078106
0.078107
0.078107
0.078106
0.092604
0.076795
0.075798
0.074800
0.076795
0.074800
0.076795
0.077792
0.074800
0.077792
0.074800
0.074800
0.074800
0.073803
0.075797
0.075798
0.073803
0.073803
0.073803
0.072806
0.072805
0.072806
0.071808
0.069813
0.071808
0.071809
0.073803
0.072805
0.072805
0.069813
0.069813
0.069814
0.069813
0.068816
0.068816
0.068816
0.067819
0.067819
0.067819
0.069813
0.067327
0.062484
0.062486
0.057608
0.078107
0.062485
0.062485
0.062485
0.062485
0.062485
0.078107
0.062485
0.062485
0.078107
0.068963
0.065824
0.066821
0.066821
0.065824
0.064827
0.066821
0.066822
