F:\datasets\door_stair/resultVideos/Faster_Inception-door-2\
=========  F:\datasets\door_stair/resultVideos/Faster_Inception-door-2\   ===========
Chart path :  F:\datasets\door_stair/resultVideos/Faster_Inception-door-2\_chart
class -> F:\datasets\door_stair/resultVideos/Faster_Inception-door-2\opened_door.txt
PRECISION opened_door 0.2918149466192171 0.9400000000000006
RECALL opened_door 0.9340659340659341 0.0
F opened_door 0.44086021505376344 0.9400000000000006
Simple Recall 1.0 0.9400000000000006
Simple Precision 0.3202846975088968 0.0
class -> F:\datasets\door_stair/resultVideos/Faster_Inception-door-2\closed_door.txt
PRECISION closed_door 0.7588235294117647 0.9400000000000006
RECALL closed_door 0.9433198380566802 0.0
F closed_door 0.6437246963562753 0.8300000000000005
Simple Recall 1.0 0.9400000000000006
Simple Precision 0.8 0.0
class -> F:\datasets\door_stair/resultVideos/Faster_Inception-door-2\elevator_door.txt
PRECISION elevator_door 1.0 0.8000000000000005
RECALL elevator_door 0.8166666666666667 0.0
F elevator_door 0.6270627062706271 0.3900000000000002
Simple Recall 0.9222222222222223 0.8000000000000005
Simple Precision 1.0 0.0

---- mAPs of   ---
opened_door 0.26949925843467604
closed_door 0.6044332673682075
elevator_door 0.6579702112240741
mAP: 0.5106342456756525



Prediction Speed 
Count => 1090 
Sum => 80.056024 
Average => 0.073446 
variance => 0.000012 
stdev => 0.003501 
FPS => 13.6 


0.066822
0.068816
0.068816
0.074800
0.072805
0.073803
0.075797
0.071808
0.067818
0.067819
0.068816
0.067819
0.067819
0.067819
0.067819
0.068816
0.070811
0.064827
0.065824
0.063829
0.065824
0.065825
0.063829
0.065824
0.067819
0.067819
0.069813
0.067819
0.066821
0.068816
0.069814
0.077792
0.077791
0.075797
0.076795
0.074800
0.074800
0.074800
0.071808
0.075797
0.069813
0.072805
0.069814
0.070812
0.073802
0.070810
0.073803
0.072806
0.074800
0.076795
0.074800
0.074800
0.079787
0.077792
0.077792
0.077792
0.075797
0.076794
0.077792
0.078789
0.076795
0.076790
0.076794
0.071808
0.073802
0.076795
0.075798
0.074800
0.074800
0.074800
0.075799
0.075797
0.076795
0.082779
0.082778
0.082778
0.077792
0.075794
0.081781
0.077792
0.078789
0.078790
0.077792
0.077792
0.078790
0.076796
0.079787
0.075798
0.076795
0.074800
0.075797
0.073803
0.073802
0.074800
0.076795
0.078790
0.075797
0.078790
0.060878
0.062485
0.078107
0.083772
0.074800
0.075797
0.076795
0.076795
0.074801
0.074800
0.074799
0.075797
0.074801
0.072806
0.072806
0.073803
0.074799
0.070810
0.072805
0.072805
0.072806
0.071808
0.070811
0.070811
0.069813
0.070811
0.062886
0.078106
0.078106
0.062486
0.062485
0.078107
0.078107
0.078645
0.073589
0.062485
0.084365
0.076279
0.075798
0.075797
0.071808
0.072806
0.071809
0.070810
0.071808
0.071808
0.070810
0.071807
0.070811
0.071809
0.074799
0.072806
0.073802
0.072805
0.072806
0.072807
0.069813
0.069813
0.068816
0.068816
0.068816
0.070811
0.069814
0.069813
0.077792
0.073800
0.073803
0.075798
0.073803
0.070811
0.070810
0.073802
0.071808
0.071808
0.070812
0.071808
0.068816
0.071808
0.070812
0.071808
0.070811
0.070810
0.069813
0.072806
0.071808
0.071808
0.072806
0.069813
0.072805
0.068818
0.071808
0.071808
0.071809
0.069813
0.070810
0.070810
0.071808
0.070810
0.071808
0.069814
0.069813
0.070811
0.072805
0.071808
0.071808
0.071808
0.070811
0.072806
0.071808
0.073803
0.072805
0.072806
0.070811
0.070811
0.071808
0.072806
0.071808
0.071808
0.072806
0.072805
0.070811
0.073803
0.071808
0.072806
0.075797
0.073803
0.072805
0.075797
0.074799
0.071808
0.074800
0.071808
0.071809
0.071809
0.072805
0.073802
0.073803
0.074800
0.075798
0.076795
0.077792
0.072805
0.072806
0.071808
0.073803
0.074800
0.072806
0.072805
0.075797
0.074800
0.074800
0.074800
0.077792
0.077792
0.076795
0.071808
0.070812
0.073802
0.071587
0.079925
0.073803
0.073802
0.072805
0.074800
0.075798
0.072806
0.075797
0.073803
0.071808
0.070811
0.075798
0.071808
0.074800
0.071808
0.070810
0.069813
0.072805
0.071808
0.068816
0.069814
0.071808
0.070811
0.072805
0.070811
0.070811
0.070811
0.069813
0.072806
0.071806
0.069813
0.070811
0.070811
0.072805
0.070811
0.069813
0.076796
0.085770
0.071808
0.074800
0.068815
0.072806
0.068816
0.072806
0.070811
0.073802
0.071808
0.069813
0.069814
0.070812
0.071807
0.069813
0.069813
0.069813
0.073803
0.073802
0.071808
0.071807
0.071808
0.069813
0.072805
0.071808
0.073803
0.071808
0.072805
0.071808
0.069813
0.068816
0.069814
0.069814
0.071808
0.071808
0.070811
0.075798
0.072806
0.073803
0.073803
0.072805
0.071808
0.073803
0.074800
0.074800
0.072805
0.074800
0.074800
0.070811
0.074800
0.072806
0.072806
0.070810
0.069813
0.072805
0.075798
0.074800
0.072805
0.072806
0.073803
0.070811
0.069814
0.070811
0.071808
0.071808
0.073803
0.074800
0.071808
0.071808
0.075797
0.073802
0.073803
0.076795
0.072803
0.072805
0.072806
0.073803
0.072805
0.075798
0.073804
0.074800
0.071808
0.073803
0.073803
0.075798
0.071808
0.071808
0.071809
0.071807
0.072806
0.073802
0.072806
0.073802
0.073803
0.073803
0.071808
0.072805
0.071808
0.072805
0.071807
0.075798
0.074800
0.073803
0.073803
0.073802
0.073803
0.074800
0.074800
0.079786
0.078789
0.070841
0.078106
0.072993
0.062485
0.078080
0.073803
0.070811
0.073803
0.075797
0.074800
0.074800
0.074800
0.073803
0.071808
0.072805
0.074800
0.074800
0.076795
0.074800
0.075797
0.074800
0.076795
0.073803
0.075798
0.075797
0.076795
0.076795
0.079786
0.080784
0.077780
0.079787
0.080784
0.079787
0.079787
0.073805
0.076794
0.075798
0.073803
0.072805
0.075798
0.074800
0.075798
0.080784
0.078790
0.077793
0.080784
0.077792
0.081781
0.078789
0.077792
0.074800
0.075797
0.074800
0.076795
0.076795
0.076795
0.077792
0.076795
0.076795
0.077791
0.078789
0.076795
0.079786
0.072806
0.073803
0.075798
0.075797
0.073805
0.072805
0.074800
0.074800
0.070811
0.074801
0.073803
0.072806
0.070810
0.075797
0.078789
0.073802
0.075797
0.075798
0.072805
0.074800
0.075797
0.072805
0.076794
0.075799
0.071808
0.070810
0.074800
0.072806
0.073803
0.072805
0.072805
0.071808
0.071808
0.072805
0.073803
0.072805
0.072805
0.072806
0.071808
0.074800
0.071808
0.074801
0.076794
0.076795
0.079787
0.075560
0.062485
0.062485
0.075766
0.075797
0.077793
0.078790
0.076794
0.075795
0.073802
0.074800
0.074800
0.078789
0.075797
0.075797
0.077792
0.079787
0.076795
0.077792
0.078789
0.077792
0.079787
0.077792
0.074800
0.073803
0.072805
0.073803
0.073802
0.074800
0.075798
0.076795
0.076795
0.075798
0.074800
0.075798
0.074800
0.076795
0.078790
0.079787
0.077792
0.077792
0.076795
0.076795
0.077792
0.076795
0.075549
0.064475
0.076562
0.077027
0.075907
0.076043
0.075797
0.075797
0.062485
0.062485
0.062485
0.076075
0.075797
0.074800
0.074800
0.074800
0.073803
0.069813
0.072806
0.071808
0.073803
0.072806
0.071808
0.073803
0.072805
0.072805
0.072805
0.072805
0.070810
0.071808
0.071809
0.070811
0.070811
0.070811
0.071808
0.072805
0.071808
0.074800
0.071809
0.069814
0.070811
0.070811
0.071808
0.072806
0.071808
0.071808
0.071808
0.071808
0.071808
0.068816
0.071808
0.069814
0.071808
0.071808
0.071808
0.068818
0.072806
0.072806
0.073803
0.073803
0.072806
0.074800
0.076795
0.074800
0.076795
0.075797
0.078790
0.076795
0.074800
0.075798
0.075798
0.076795
0.075797
0.074800
0.075797
0.072806
0.072806
0.073803
0.071808
0.070811
0.075797
0.071808
0.072805
0.070811
0.069813
0.069813
0.068815
0.070811
0.073803
0.070811
0.067819
0.069813
0.068816
0.069814
0.068816
0.067818
0.065825
0.064826
0.065824
0.066822
0.065824
0.064827
0.065824
0.065823
0.065825
0.066822
0.065824
0.064827
0.064827
0.066821
0.068815
0.069813
0.071808
0.068816
0.070811
0.073803
0.078790
0.077792
0.075798
0.075797
0.073803
0.074800
0.075797
0.079788
0.076794
0.071808
0.071808
0.074800
0.073803
0.073803
0.075798
0.074800
0.074799
0.075797
0.072805
0.072805
0.073802
0.074800
0.074800
0.073803
0.072806
0.069813
0.069813
0.069813
0.070811
0.070810
0.070811
0.073803
0.073803
0.073802
0.072806
0.070811
0.069160
0.062485
0.078107
0.062485
0.078107
0.078107
0.062485
0.078107
0.062485
0.068339
0.074800
0.072806
0.069814
0.067819
0.065823
0.067819
0.065824
0.066822
0.065824
0.065824
0.065824
0.067819
0.069814
0.072804
0.070810
0.069813
0.074801
0.066822
0.068816
0.070811
0.069813
0.069813
0.071808
0.069813
0.069813
0.069814
0.071809
0.071809
0.069813
0.072806
0.070810
0.068816
0.068816
0.067819
0.068816
0.069813
0.070811
0.071807
0.067820
0.066820
0.069814
0.070811
0.070811
0.071808
0.071809
0.070811
0.068815
0.071808
0.075798
0.075797
0.076795
0.071808
0.072806
0.073803
0.072805
0.075798
0.074801
0.071807
0.070811
0.073803
0.072804
0.070811
0.072806
0.074800
0.074801
0.075797
0.077792
0.074800
0.072805
0.074800
0.074800
0.075797
0.074800
0.075798
0.072806
0.072805
0.073803
0.080785
0.079787
0.078790
0.073802
0.074800
0.073803
0.074800
0.074800
0.078789
0.078789
0.074800
0.072805
0.076795
0.078789
0.075797
0.073803
0.071808
0.070811
0.072806
0.072806
0.076794
0.074800
0.074800
0.077792
0.077792
0.073803
0.072805
0.073802
0.076795
0.075798
0.077789
0.075798
0.077792
0.060982
0.063338
0.078106
0.079907
0.074800
0.075797
0.071809
0.062624
0.084540
0.074900
0.069813
0.069814
0.070811
0.068816
0.069813
0.068816
0.069813
0.070811
0.069813
0.073804
0.073802
0.071808
0.071807
0.070812
0.069813
0.069813
0.070811
0.068816
0.068815
0.068816
0.069813
0.071808
0.070811
0.070811
0.070811
0.071808
0.070810
0.069813
0.069813
0.070811
0.069813
0.070811
0.071808
0.071808
0.071807
0.072805
0.072806
0.072806
0.073803
0.075797
0.074801
0.079787
0.077792
0.080784
0.076795
0.077792
0.073800
0.075798
0.074800
0.076795
0.074802
0.071808
0.074800
0.072806
0.074800
0.072807
0.073803
0.071808
0.072805
0.072806
0.071808
0.072806
0.071808
0.071809
0.072805
0.072806
0.070811
0.070810
0.070811
0.071808
0.071808
0.070812
0.073803
0.073803
0.072806
0.073803
0.072806
0.073803
0.073802
0.075797
0.076794
0.075798
0.076795
0.074800
0.076794
0.074800
0.075798
0.078789
0.076795
0.076795
0.076795
0.074800
0.072805
0.074800
0.073803
0.075798
0.075798
0.074800
0.077792
0.078789
0.075794
0.075798
0.075798
0.075797
0.075797
0.075797
0.076795
0.076795
0.077792
0.075798
0.076795
0.078789
0.078790
0.075798
0.074800
0.075798
0.073803
0.072806
0.075797
0.075798
0.077792
0.076794
0.077792
0.075797
0.075797
0.074800
0.075798
0.075798
0.075797
0.077792
0.074800
0.074800
0.075797
0.076795
0.073803
0.073803
0.075798
0.074800
0.076795
0.073803
0.073803
0.074800
0.077792
0.077792
0.076795
0.076795
0.075797
0.074800
0.077792
0.076795
0.073803
0.072805
0.073803
0.075798
0.074800
0.072805
0.073803
0.077792
0.073803
0.078789
0.072806
0.075798
0.072805
0.073803
0.075797
0.076795
0.073803
0.077792
0.074800
0.074801
0.075797
0.073803
0.073803
0.074800
0.073803
0.074800
0.075798
0.077792
0.075797
0.076795
0.074800
0.076795
0.075797
0.075798
0.075798
0.077792
0.075798
0.074801
0.073803
0.076795
0.074800
0.075798
0.073803
0.075798
0.073803
0.075798
0.073803
0.074801
0.074800
0.075798
0.074800
0.074800
0.074800
0.073803
0.072806
0.074801
0.075797
0.075797
0.068503
0.078107
0.078107
0.078106
0.078107
0.062485
0.078107
0.078107
0.078107
0.078107
0.078107
0.078107
0.078106
0.078077
0.075798
0.077792
0.075798
0.075798
0.074800
0.074800
0.074800
0.072806
0.073803
0.075798
0.072806
0.073803
0.073803
0.072805
0.072806
0.074800
0.072806
0.074800
0.071808
0.073803
0.070810
0.072806
0.069813
0.070811
0.070811
0.070811
0.070811
0.073803
0.072806
