F:\datasets\door_stair/result/Faster_Inception-door-5\
=========  F:\datasets\door_stair/result/Faster_Inception-door-5\   ===========
Chart path :  F:\datasets\door_stair/result/Faster_Inception-door-5\_chart
class -> F:\datasets\door_stair/result/Faster_Inception-door-5\opened_door.txt
PRECISION opened_door 0.21615720524017468 0.9400000000000006
RECALL opened_door 0.9611650485436893 0.0
F opened_door 0.3529411764705883 0.9400000000000006
Simple Recall 1.0 0.9400000000000006
Simple Precision 0.22489082969432314 0.0
class -> F:\datasets\door_stair/result/Faster_Inception-door-5\closed_door.txt
PRECISION closed_door 0.35174953959484345 0.9400000000000006
RECALL closed_door 0.9964912280701754 0.0
F closed_door 0.46496106785317015 0.9200000000000006
Simple Recall 1.0 0.9400000000000006
Simple Precision 0.3572744014732965 0.0
class -> F:\datasets\door_stair/result/Faster_Inception-door-5\elevator_door.txt
PRECISION elevator_door 0.9857142857142858 0.9400000000000006
RECALL elevator_door 0.9836448598130841 0.0
F elevator_door 0.7956989247311828 0.24000000000000007
Simple Recall 1.0 0.9400000000000006
Simple Precision 0.9857142857142858 0.0

---- mAPs of   ---
opened_door 0.20776275066774072
closed_door 0.3300032490529142
elevator_door 0.8647890595568678
mAP: 0.4675183530925076



Prediction Speed 
Count => 1532 
Sum => 110.712763 
Average => 0.072267 
variance => 0.000014 
stdev => 0.003792 
FPS => 13.8 


0.074800
0.072805
0.073802
0.072806
0.075797
0.072805
0.070811
0.073803
0.071808
0.072805
0.072805
0.074800
0.074800
0.077792
0.073802
0.074800
0.073803
0.074800
0.073802
0.077792
0.073803
0.073803
0.072805
0.076795
0.074800
0.077792
0.075797
0.076795
0.073803
0.076794
0.076794
0.077792
0.077792
0.077792
0.081783
0.086767
0.077791
0.073803
0.073803
0.073802
0.069813
0.068816
0.070811
0.070811
0.072806
0.072804
0.076795
0.073803
0.078788
0.071807
0.072805
0.072805
0.073803
0.073802
0.073803
0.072801
0.074800
0.076794
0.075797
0.075798
0.076795
0.077792
0.074800
0.074800
0.076794
0.073803
0.075797
0.073801
0.073803
0.075797
0.076795
0.076794
0.075798
0.075797
0.079787
0.075798
0.075797
0.075797
0.076795
0.074799
0.074800
0.073802
0.073803
0.073803
0.077792
0.075796
0.074800
0.076794
0.074800
0.071808
0.074799
0.071809
0.072805
0.071808
0.072806
0.071808
0.075797
0.072806
0.071808
0.074800
0.072805
0.071808
0.071808
0.072805
0.071808
0.071808
0.074800
0.073803
0.072805
0.071808
0.071809
0.070811
0.073802
0.076950
0.073803
0.072805
0.073803
0.073803
0.071808
0.074800
0.073803
0.072805
0.070811
0.075797
0.074800
0.075797
0.073803
0.071807
0.074800
0.073802
0.071808
0.069813
0.069813
0.069813
0.068816
0.069813
0.068816
0.070811
0.072806
0.070811
0.069813
0.069813
0.068816
0.068816
0.068816
0.068816
0.070811
0.070811
0.072806
0.073802
0.069813
0.071808
0.072804
0.070811
0.070811
0.069813
0.068816
0.068816
0.067819
0.067818
0.070811
0.069813
0.069813
0.068816
0.071808
0.071808
0.068816
0.070937
0.068816
0.079787
0.068816
0.065824
0.067819
0.066821
0.068816
0.069813
0.067819
0.068816
0.069813
0.067819
0.067819
0.069813
0.069813
0.066822
0.068816
0.069813
0.069813
0.068816
0.066821
0.068816
0.067819
0.068816
0.068816
0.066822
0.066822
0.067818
0.066821
0.066822
0.066822
0.071808
0.072805
0.071808
0.068816
0.068815
0.066823
0.067818
0.069815
0.068816
0.069813
0.068816
0.070811
0.071808
0.073803
0.072805
0.073802
0.069813
0.071808
0.069813
0.071808
0.073803
0.069814
0.070811
0.070811
0.070811
0.071809
0.072806
0.069813
0.072805
0.070811
0.070811
0.069813
0.068816
0.066821
0.069814
0.069813
0.070811
0.072805
0.075797
0.072805
0.071808
0.072806
0.072806
0.073802
0.071808
0.073803
0.073803
0.074798
0.072806
0.073802
0.072806
0.072805
0.073804
0.071808
0.076795
0.074800
0.072805
0.074800
0.078789
0.076794
0.078789
0.080784
0.079787
0.080784
0.080784
0.074801
0.075797
0.079787
0.075796
0.074800
0.075798
0.071809
0.074800
0.075798
0.071809
0.071808
0.073803
0.072805
0.074800
0.074800
0.074801
0.076794
0.076795
0.076795
0.077791
0.075798
0.075797
0.077792
0.071807
0.073803
0.073802
0.072806
0.074800
0.071809
0.072805
0.075797
0.072805
0.071808
0.071808
0.075798
0.074800
0.075797
0.072806
0.076795
0.076794
0.075798
0.075798
0.076794
0.077792
0.073803
0.076795
0.075798
0.074800
0.073802
0.076795
0.074800
0.076795
0.076795
0.073803
0.071807
0.077792
0.075797
0.072805
0.074800
0.071807
0.075798
0.073801
0.072805
0.072805
0.072805
0.072805
0.070811
0.073803
0.072805
0.072805
0.074800
0.072806
0.072806
0.070810
0.069813
0.069813
0.071808
0.071808
0.068816
0.065824
0.069813
0.070811
0.065825
0.066822
0.066821
0.065824
0.067818
0.069813
0.067819
0.066821
0.066821
0.066821
0.066822
0.065823
0.066821
0.064827
0.065824
0.067818
0.064826
0.065824
0.064826
0.064827
0.064827
0.064826
0.065824
0.064827
0.065824
0.064826
0.067819
0.067819
0.067818
0.067818
0.068816
0.072805
0.069813
0.071809
0.068816
0.069813
0.069813
0.073803
0.070811
0.068816
0.072806
0.068818
0.069813
0.072806
0.072806
0.072804
0.072805
0.071808
0.072806
0.073802
0.071808
0.072806
0.073802
0.072806
0.071808
0.074800
0.072805
0.073803
0.071808
0.071808
0.069813
0.070810
0.070810
0.069813
0.070811
0.069813
0.067819
0.067819
0.066821
0.065824
0.064827
0.066821
0.067819
0.065824
0.064827
0.065824
0.064827
0.063830
0.065823
0.063829
0.065824
0.065824
0.064827
0.063829
0.066822
0.069814
0.065824
0.067818
0.070810
0.070811
0.073803
0.072805
0.072806
0.074800
0.072806
0.070811
0.068817
0.068817
0.065827
0.068817
0.068816
0.073803
0.075797
0.076795
0.074800
0.075797
0.074799
0.073803
0.073803
0.071808
0.072805
0.074801
0.072805
0.072806
0.072805
0.072806
0.072806
0.072806
0.072805
0.073802
0.073803
0.076794
0.071808
0.072805
0.074800
0.073803
0.073803
0.074800
0.073803
0.075797
0.076795
0.074801
0.074800
0.076795
0.076795
0.079787
0.075798
0.073803
0.073802
0.073803
0.073802
0.074800
0.075797
0.071808
0.075798
0.074800
0.074800
0.074800
0.072806
0.071808
0.073803
0.070811
0.072805
0.074800
0.073803
0.072805
0.073803
0.071808
0.069813
0.073803
0.073804
0.072806
0.072806
0.074800
0.074800
0.074800
0.073803
0.072805
0.073802
0.070811
0.074800
0.075798
0.074800
0.074916
0.074800
0.074800
0.072805
0.075797
0.075797
0.073803
0.073802
0.074800
0.072805
0.073803
0.076795
0.074800
0.075798
0.074800
0.075797
0.074800
0.073803
0.075798
0.072805
0.071808
0.072806
0.070811
0.072805
0.073804
0.072805
0.072805
0.070810
0.072805
0.073802
0.070810
0.074800
0.070810
0.070810
0.069813
0.071808
0.070811
0.072805
0.072805
0.075797
0.070811
0.072807
0.073802
0.075798
0.074800
0.073803
0.074800
0.073803
0.076795
0.076795
0.071808
0.071807
0.077792
0.074800
0.074800
0.070811
0.073802
0.071808
0.073803
0.074800
0.074800
0.071808
0.073803
0.080785
0.082779
0.077793
0.080784
0.073804
0.076795
0.077792
0.076796
0.075797
0.077792
0.074800
0.073803
0.075797
0.073802
0.073803
0.072806
0.071808
0.072805
0.072806
0.071808
0.070810
0.072805
0.069813
0.067819
0.067819
0.066821
0.067819
0.066821
0.066821
0.067819
0.066822
0.068816
0.068816
0.070811
0.071808
0.072805
0.073802
0.072805
0.073803
0.074800
0.075798
0.078789
0.071808
0.074799
0.077792
0.078788
0.082779
0.078789
0.079787
0.077792
0.074801
0.073803
0.073803
0.074801
0.072806
0.076795
0.074800
0.076794
0.075798
0.075798
0.075797
0.075798
0.076796
0.074800
0.073803
0.077792
0.074802
0.077792
0.079787
0.074800
0.075797
0.074800
0.075798
0.075797
0.076794
0.073803
0.072805
0.073803
0.070811
0.071807
0.070810
0.069813
0.069814
0.068816
0.069813
0.070811
0.069813
0.069813
0.068817
0.070812
0.071808
0.071808
0.070811
0.070811
0.071808
0.069815
0.067819
0.067818
0.068815
0.067818
0.068816
0.066821
0.065824
0.066821
0.065824
0.066822
0.065824
0.066821
0.065824
0.066822
0.064827
0.063830
0.065824
0.065824
0.064827
0.064827
0.063830
0.064827
0.065824
0.065824
0.065825
0.063829
0.066822
0.063829
0.064827
0.066822
0.067819
0.066821
0.066821
0.068816
0.069813
0.070812
0.070811
0.073803
0.074800
0.069813
0.068816
0.065824
0.068816
0.068816
0.071808
0.070811
0.074800
0.074800
0.078789
0.075798
0.074800
0.071808
0.069813
0.071808
0.070811
0.076794
0.079786
0.077791
0.075796
0.079787
0.078789
0.076795
0.074799
0.073802
0.072805
0.074800
0.077792
0.077792
0.075797
0.074800
0.074800
0.077792
0.073803
0.076795
0.074800
0.075798
0.074800
0.074800
0.075798
0.077792
0.073803
0.071809
0.071808
0.068816
0.067819
0.070810
0.070811
0.070811
0.071808
0.069813
0.070811
0.070811
0.068816
0.069813
0.071808
0.069813
0.071808
0.075797
0.067819
0.068817
0.068818
0.069813
0.072805
0.069813
0.069813
0.070811
0.064827
0.069813
0.066821
0.068816
0.069813
0.070811
0.068816
0.068816
0.069815
0.073802
0.072806
0.070811
0.074800
0.071808
0.070811
0.069813
0.072806
0.071808
0.075798
0.071808
0.072805
0.073803
0.072805
0.069814
0.069813
0.075797
0.073803
0.072805
0.074800
0.075797
0.076794
0.073803
0.075797
0.075797
0.073804
0.073802
0.073803
0.072805
0.073803
0.075798
0.073803
0.074802
0.075797
0.074805
0.072805
0.072805
0.070811
0.067819
0.069813
0.068816
0.069814
0.069814
0.067819
0.066821
0.067819
0.073803
0.069813
0.075801
0.069811
0.069814
0.070810
0.069812
0.067819
0.068816
0.070809
0.068816
0.067819
0.068817
0.070810
0.068816
0.068816
0.067819
0.067819
0.072806
0.070811
0.068816
0.068817
0.074799
0.072805
0.074800
0.075797
0.072806
0.075797
0.076795
0.077792
0.075797
0.072805
0.073803
0.071807
0.075799
0.072806
0.074799
0.073802
0.073802
0.072806
0.072805
0.071808
0.074800
0.073803
0.071808
0.073803
0.075798
0.075797
0.074800
0.075797
0.073803
0.073802
0.073803
0.073803
0.072805
0.073803
0.074800
0.072805
0.073802
0.073803
0.072806
0.072805
0.073803
0.078789
0.073802
0.073801
0.074800
0.078789
0.077792
0.075798
0.075798
0.075798
0.073804
0.073802
0.072805
0.073803
0.076795
0.072805
0.075798
0.075797
0.074800
0.075797
0.073803
0.076795
0.072805
0.071809
0.073803
0.075797
0.073803
0.071808
0.072805
0.071808
0.071808
0.072805
0.074800
0.073801
0.073803
0.073803
0.072805
0.076794
0.078789
0.081781
0.075798
0.074800
0.077791
0.078789
0.077791
0.076795
0.072805
0.074800
0.074800
0.075799
0.077792
0.077792
0.072805
0.072805
0.076795
0.077792
0.072805
0.075797
0.076794
0.071808
0.072805
0.075797
0.075798
0.076795
0.077792
0.078789
0.077792
0.077791
0.078788
0.072805
0.077792
0.079787
0.080785
0.078788
0.076794
0.077792
0.076795
0.076795
0.074800
0.075797
0.076796
0.075797
0.080783
0.074799
0.080783
0.075797
0.067819
0.067819
0.067819
0.068816
0.069813
0.068816
0.070810
0.067819
0.068816
0.067819
0.068815
0.067819
0.068816
0.070811
0.070811
0.066821
0.066821
0.065824
0.066821
0.067819
0.069813
0.069813
0.071808
0.071808
0.071808
0.070811
0.070811
0.072805
0.070811
0.071808
0.072805
0.071808
0.070810
0.070811
0.070811
0.074800
0.073804
0.075797
0.075797
0.076795
0.077792
0.075797
0.078789
0.079787
0.078789
0.078790
0.075797
0.074800
0.075797
0.074800
0.073803
0.073802
0.075797
0.073803
0.075798
0.074800
0.078790
0.076794
0.075797
0.069813
0.070809
0.071808
0.071809
0.071808
0.072806
0.071807
0.072806
0.076795
0.075797
0.075798
0.074799
0.073802
0.076795
0.074800
0.073802
0.074800
0.071808
0.071808
0.071807
0.067819
0.068816
0.069813
0.066821
0.068815
0.067818
0.067818
0.067818
0.072805
0.070811
0.072805
0.071808
0.072805
0.071809
0.073803
0.072805
0.072805
0.071808
0.072806
0.072806
0.068816
0.071808
0.070811
0.068817
0.073802
0.074800
0.077792
0.077792
0.074800
0.076795
0.077791
0.076795
0.072805
0.068816
0.073802
0.075797
0.070811
0.074800
0.072806
0.073803
0.070811
0.070811
0.071808
0.073802
0.072805
0.074800
0.077792
0.073803
0.072806
0.075798
0.074800
0.073803
0.081782
0.074800
0.074800
0.078789
0.076794
0.074800
0.076795
0.074800
0.074800
0.075797
0.074800
0.072805
0.074800
0.071808
0.071808
0.068816
0.071808
0.071808
0.072805
0.073803
0.073803
0.070810
0.071808
0.071809
0.072806
0.071808
0.072805
0.071808
0.072805
0.074800
0.074800
0.077791
0.076795
0.077792
0.077792
0.080784
0.078789
0.079787
0.080784
0.080784
0.080784
0.077792
0.077792
0.078789
0.075797
0.075800
0.076794
0.076795
0.077793
0.078789
0.075798
0.076795
0.076795
0.078789
0.078789
0.079787
0.077792
0.075797
0.078789
0.076795
0.080785
0.076795
0.079787
0.079787
0.077792
0.079787
0.079787
0.075798
0.074800
0.074800
0.074801
0.074800
0.071808
0.071808
0.068815
0.068816
0.070811
0.068193
0.069813
0.069813
0.069813
0.068816
0.070810
0.068816
0.073803
0.072804
0.070811
0.075798
0.071808
0.071806
0.070810
0.071808
0.071808
0.072805
0.071808
0.072805
0.073802
0.071808
0.072806
0.070811
0.070811
0.069813
0.071809
0.070811
0.069813
0.069814
0.070811
0.068816
0.069813
0.069813
0.069814
0.071808
0.071808
0.069813
0.070811
0.069813
0.068816
0.078790
0.070810
0.071808
0.070810
0.068816
0.070811
0.068816
0.068816
0.070810
0.070811
0.067819
0.066821
0.067818
0.066822
0.066821
0.067818
0.065824
0.067819
0.068815
0.066821
0.066821
0.066821
0.067819
0.067819
0.067819
0.067819
0.067818
0.068816
0.068816
0.070811
0.068816
0.068815
0.069814
0.070810
0.068817
0.074801
0.072804
0.069814
0.068816
0.069815
0.070811
0.070811
0.070812
0.070809
0.069813
0.070812
0.071808
0.070811
0.069813
0.071808
0.071808
0.071808
0.070810
0.071808
0.072805
0.070811
0.072806
0.075797
0.073803
0.070811
0.073804
0.072805
0.074800
0.073803
0.073802
0.070811
0.071806
0.071809
0.071808
0.069814
0.070811
0.074800
0.070811
0.072804
0.070811
0.069813
0.069813
0.071808
0.070811
0.068817
0.068816
0.067818
0.069813
0.067819
0.068815
0.068816
0.067819
0.068816
0.068816
0.069813
0.069813
0.067818
0.068816
0.068816
0.068815
0.067819
0.067819
0.068816
0.068816
0.067819
0.070811
0.066822
0.067819
0.067819
0.068816
0.066821
0.067819
0.065824
0.067818
0.067820
0.066821
0.066821
0.067819
0.066821
0.067818
0.068816
0.066822
0.070811
0.068815
0.067819
0.067819
0.068816
0.068815
0.068816
0.066821
0.068816
0.071805
0.069814
0.069814
0.069813
0.068815
0.069813
0.069813
0.067819
0.068816
0.067819
0.068816
0.066821
0.065824
0.066821
0.066821
0.067819
0.067819
0.066821
0.067818
0.066821
0.066821
0.066822
0.067818
0.065824
0.066821
0.065824
0.066821
0.066822
0.067819
0.068816
0.066821
0.066821
0.065825
0.067819
0.067819
0.068816
0.066821
0.066821
0.066822
0.067819
0.066821
0.067818
0.067819
0.067818
0.066822
0.064827
0.066821
0.066822
0.067818
0.067819
0.066822
0.066821
0.067819
0.067819
0.066822
0.067819
0.066821
0.066821
0.067818
0.066821
0.066821
0.066821
0.066822
0.065824
0.066821
0.066822
0.065824
0.064827
0.066821
0.065824
0.066822
0.065824
0.067819
0.067819
0.066821
0.065824
0.065824
0.064827
0.065824
0.065824
0.065824
0.064826
0.065824
0.066821
0.065824
0.066822
0.065824
0.066822
0.066821
0.066821
0.067819
0.066821
0.066822
0.066821
0.066821
0.066821
0.066821
0.067819
0.066822
0.066821
0.065823
0.066821
0.067819
0.067818
0.067819
0.066821
0.067819
0.068816
0.067819
0.066821
0.068817
0.067815
0.067818
0.069813
0.070811
0.072804
0.071809
0.069813
0.071808
0.072805
0.074800
0.075796
0.076795
0.078789
0.079787
0.076794
0.076795
0.076793
0.079787
0.081781
0.079787
0.080784
0.076795
0.076794
0.080784
0.078785
0.078789
0.078789
0.078789
0.078789
0.079787
0.079787
0.079787
0.079786
0.081781
0.080784
0.079787
0.078789
0.077792
0.076795
0.077792
0.076794
0.078789
0.076794
0.076794
0.075797
0.074800
0.075797
0.074800
0.074800
0.076795
0.074800
0.075797
0.076795
0.076795
0.075797
0.077792
0.075798
0.075797
0.075797
0.075797
