F:\datasets\door_stair/result/Faster_Inception-stair-4\
=========  F:\datasets\door_stair/result/Faster_Inception-stair-4\   ===========
Chart path :  F:\datasets\door_stair/result/Faster_Inception-stair-4\_chart
class -> F:\datasets\door_stair/result/Faster_Inception-stair-4\ascending_stair.txt
PRECISION ascending_stair 0 0
RECALL ascending_stair 0 0
F ascending_stair -1.0 0
Simple Recall 1.0 0.0
Simple Precision 0.9548387096774194 0.0
class -> F:\datasets\door_stair/result/Faster_Inception-stair-4\descending_stair.txt
PRECISION descending_stair 0 0
RECALL descending_stair 0 0
F descending_stair -1.0 0
Simple Recall 0 0
Simple Precision 0 0

---- mAPs of   ---
ascending_stair 0.0
descending_stair 0.0
mAP: 0.0



Prediction Speed 
Count => 260 
Sum => 18.986315 
Average => 0.073024 
variance => 0.000004 
stdev => 0.002069 
FPS => 13.7 


0.074800
0.071808
0.071808
0.071808
0.073802
0.071808
0.074800
0.070810
0.072805
0.072805
0.072806
0.070811
0.070811
0.072805
0.073802
0.072805
0.073803
0.074800
0.070811
0.072805
0.073802
0.071808
0.072805
0.072805
0.072806
0.073802
0.071808
0.073802
0.070811
0.067818
0.069813
0.073802
0.068816
0.069813
0.071808
0.071807
0.071810
0.072805
0.072805
0.072805
0.071808
0.070811
0.071808
0.072805
0.070811
0.069813
0.069813
0.074800
0.071808
0.069813
0.069815
0.073803
0.068816
0.070810
0.071807
0.071808
0.071808
0.069813
0.068816
0.071808
0.070811
0.073802
0.071808
0.073803
0.071808
0.071808
0.070812
0.074800
0.073802
0.072805
0.071808
0.073802
0.072805
0.071808
0.070811
0.071808
0.069813
0.069813
0.069813
0.070811
0.074800
0.071808
0.072805
0.072807
0.072805
0.069813
0.070811
0.070810
0.073802
0.074800
0.073802
0.072805
0.074799
0.071807
0.072805
0.074800
0.076795
0.074800
0.075797
0.072806
0.071809
0.075797
0.072805
0.071808
0.073803
0.073802
0.074800
0.072805
0.072805
0.071808
0.073803
0.071808
0.071808
0.072805
0.074800
0.073802
0.073803
0.074800
0.072805
0.075797
0.074800
0.076795
0.072805
0.071807
0.073802
0.072805
0.073802
0.072805
0.072805
0.073803
0.072805
0.074800
0.073803
0.074800
0.072805
0.073803
0.070811
0.071808
0.070810
0.071808
0.070811
0.072805
0.073802
0.073802
0.070811
0.072805
0.070811
0.072805
0.073803
0.070811
0.071808
0.075797
0.073901
0.070811
0.073802
0.071808
0.072805
0.072805
0.074800
0.074800
0.073803
0.072805
0.073802
0.072806
0.074800
0.073803
0.072806
0.071808
0.071807
0.072805
0.069813
0.069813
0.069813
0.071808
0.073803
0.070811
0.072805
0.073802
0.070810
0.071808
0.070810
0.070810
0.070811
0.074799
0.071808
0.074800
0.073803
0.073802
0.071808
0.074800
0.073803
0.071808
0.072805
0.072805
0.071808
0.069813
0.071807
0.071810
0.072805
0.068816
0.071808
0.072805
0.075797
0.074801
0.074800
0.074800
0.072805
0.074800
0.078789
0.075797
0.076794
0.078789
0.074800
0.076794
0.075797
0.077791
0.077792
0.077792
0.076795
0.076795
0.078789
0.076794
0.076795
0.076795
0.076794
0.074800
0.075797
0.074800
0.073802
0.072805
0.075797
0.073803
0.074800
0.074800
0.072805
0.076794
0.079787
0.072805
0.072805
0.076795
0.072805
0.071808
0.072805
0.072805
0.069813
0.071808
0.077792
0.073802
0.069813
0.072805
0.073802
0.071808
0.072805
0.075797
0.073803
0.069813
0.075797
0.072806
0.071808
0.075798
