F:\datasets\door_stair/result/Faster_Inception-door-2\
=========  F:\datasets\door_stair/result/Faster_Inception-door-2\   ===========
Chart path :  F:\datasets\door_stair/result/Faster_Inception-door-2\_chart
class -> F:\datasets\door_stair/result/Faster_Inception-door-2\opened_door.txt
PRECISION opened_door 0.2918149466192171 0.9400000000000006
RECALL opened_door 0.9340659340659341 0.0
F opened_door 0.44086021505376344 0.9400000000000006
Simple Recall 1.0 0.9400000000000006
Simple Precision 0.3202846975088968 0.0
class -> F:\datasets\door_stair/result/Faster_Inception-door-2\closed_door.txt
PRECISION closed_door 0.7588235294117647 0.9400000000000006
RECALL closed_door 0.9433198380566802 0.0
F closed_door 0.6437246963562753 0.8300000000000005
Simple Recall 1.0 0.9400000000000006
Simple Precision 0.8 0.0
class -> F:\datasets\door_stair/result/Faster_Inception-door-2\elevator_door.txt
PRECISION elevator_door 1.0 0.8000000000000005
RECALL elevator_door 0.8166666666666667 0.0
F elevator_door 0.6270627062706271 0.3900000000000002
Simple Recall 0.9222222222222223 0.8000000000000005
Simple Precision 1.0 0.0

---- mAPs of   ---
opened_door 0.26949925843467604
closed_door 0.6044332673682075
elevator_door 0.6579702112240741
mAP: 0.5106342456756525



Prediction Speed 
Count => 1090 
Sum => 81.619766 
Average => 0.074881 
variance => 0.000020 
stdev => 0.004486 
FPS => 13.4 


0.068816
0.069814
0.070811
0.067818
0.067818
0.068816
0.069813
0.068816
0.067819
0.067819
0.067819
0.067820
0.068816
0.067818
0.069814
0.082779
0.083775
0.081781
0.079787
0.077792
0.073803
0.069813
0.068815
0.071808
0.070809
0.074800
0.070811
0.069814
0.073802
0.070811
0.071808
0.075796
0.074800
0.073803
0.075798
0.073804
0.076796
0.076794
0.079787
0.077791
0.071807
0.075798
0.069813
0.073803
0.075797
0.072805
0.074800
0.076795
0.107716
0.127661
0.095741
0.082778
0.090759
0.088762
0.087765
0.099755
0.123668
0.096741
0.091753
0.090756
0.092752
0.085769
0.085770
0.077791
0.077792
0.080784
0.080783
0.079787
0.075797
0.076791
0.077791
0.078789
0.075798
0.078789
0.079786
0.078788
0.077792
0.078790
0.083775
0.083776
0.086027
0.085770
0.089759
0.089760
0.093749
0.085769
0.081781
0.082779
0.083894
0.078789
0.076795
0.074800
0.075798
0.083776
0.074798
0.074800
0.075798
0.082778
0.081783
0.088762
0.080784
0.083776
0.084773
0.082778
0.080784
0.081783
0.075797
0.075797
0.076794
0.074800
0.073801
0.074800
0.074801
0.077792
0.076795
0.073803
0.074800
0.073803
0.075797
0.070811
0.070810
0.071808
0.071808
0.072804
0.072807
0.072805
0.074800
0.073803
0.072805
0.072805
0.075797
0.073802
0.074800
0.076795
0.078790
0.072805
0.075797
0.077792
0.072805
0.073802
0.078788
0.073802
0.072805
0.071808
0.071808
0.071808
0.071808
0.072805
0.073803
0.072806
0.075797
0.071808
0.071808
0.072805
0.074800
0.075797
0.073802
0.072805
0.072806
0.074803
0.075797
0.072805
0.077791
0.081781
0.076794
0.076794
0.074800
0.071808
0.072805
0.072805
0.071808
0.071807
0.070811
0.069812
0.069813
0.071808
0.069814
0.073803
0.075797
0.076793
0.072805
0.074800
0.075797
0.077791
0.074801
0.076795
0.077793
0.076794
0.076795
0.078789
0.077792
0.075796
0.079787
0.079786
0.081781
0.079787
0.082778
0.082779
0.080784
0.075797
0.085771
0.080784
0.080786
0.082778
0.080782
0.080785
0.076793
0.079786
0.077791
0.077792
0.074800
0.078789
0.077793
0.080784
0.076794
0.080274
0.078789
0.077792
0.074800
0.074800
0.072806
0.075798
0.079785
0.079787
0.076793
0.075797
0.074800
0.072805
0.074800
0.072806
0.073803
0.072806
0.073802
0.074800
0.074800
0.074800
0.074800
0.074800
0.077792
0.072805
0.072807
0.072805
0.073802
0.074800
0.072805
0.075798
0.079786
0.075797
0.074800
0.074799
0.077792
0.078789
0.075797
0.071808
0.070811
0.074801
0.076795
0.074800
0.073802
0.075798
0.074800
0.074800
0.075797
0.072806
0.075797
0.073803
0.071808
0.069813
0.075797
0.072806
0.075797
0.073803
0.070811
0.069813
0.072805
0.072806
0.069813
0.070811
0.074800
0.070811
0.073803
0.071808
0.069813
0.070811
0.069813
0.072805
0.075799
0.070811
0.073803
0.073802
0.072805
0.070809
0.068816
0.072805
0.068816
0.070811
0.071808
0.070811
0.072805
0.068816
0.069813
0.068816
0.072805
0.070811
0.068816
0.069813
0.070811
0.071807
0.068816
0.070811
0.068816
0.071809
0.077792
0.071808
0.072805
0.072806
0.071808
0.072806
0.072805
0.072805
0.073803
0.074800
0.073802
0.069814
0.070811
0.070811
0.069813
0.072805
0.071807
0.070811
0.076795
0.072805
0.074800
0.074800
0.074801
0.073802
0.073803
0.075798
0.074801
0.072805
0.074800
0.075797
0.072805
0.076795
0.074800
0.073803
0.072805
0.071808
0.072805
0.074800
0.073802
0.072805
0.073803
0.071808
0.071808
0.070811
0.070811
0.070810
0.072806
0.073803
0.074800
0.071808
0.072806
0.072805
0.071809
0.073802
0.075797
0.074800
0.073802
0.075798
0.073802
0.073802
0.076794
0.071808
0.072805
0.070810
0.070811
0.073802
0.073803
0.071808
0.069814
0.072805
0.072805
0.071808
0.071808
0.071808
0.073803
0.073803
0.072806
0.071808
0.072806
0.070810
0.074800
0.072805
0.077792
0.073802
0.074800
0.073803
0.074800
0.073802
0.074801
0.073802
0.074799
0.076794
0.074800
0.078789
0.077792
0.077792
0.075797
0.073803
0.071808
0.072805
0.073802
0.073803
0.073802
0.073802
0.073803
0.071808
0.072805
0.074799
0.073803
0.076795
0.074800
0.075798
0.075798
0.076796
0.075798
0.076794
0.076795
0.076795
0.077793
0.080784
0.077792
0.076795
0.078789
0.077792
0.080784
0.082779
0.073803
0.077792
0.075798
0.072805
0.072805
0.074800
0.074800
0.074800
0.080784
0.076794
0.076795
0.079787
0.077792
0.080784
0.077792
0.077792
0.074800
0.077792
0.076794
0.077791
0.076795
0.075798
0.076794
0.075798
0.075798
0.075797
0.074800
0.074800
0.075798
0.074800
0.074800
0.074800
0.074800
0.073803
0.071808
0.073803
0.075798
0.071808
0.075797
0.073802
0.073802
0.071808
0.072806
0.073803
0.072805
0.074800
0.074800
0.075797
0.075797
0.076795
0.072807
0.075797
0.076795
0.074800
0.074800
0.076794
0.071808
0.073803
0.073803
0.072805
0.071808
0.072805
0.072805
0.073802
0.073803
0.073392
0.073802
0.072806
0.074800
0.072806
0.073802
0.075798
0.074800
0.076795
0.075798
0.075797
0.076795
0.073803
0.075797
0.075797
0.074800
0.075796
0.074800
0.072805
0.076795
0.074800
0.075797
0.075797
0.074801
0.077793
0.078790
0.076795
0.076795
0.078791
0.077792
0.077792
0.076795
0.074799
0.075797
0.073802
0.072805
0.075797
0.076795
0.076795
0.076794
0.076795
0.075797
0.075798
0.076795
0.075797
0.076794
0.078789
0.079787
0.077792
0.076795
0.075797
0.076795
0.077792
0.077792
0.078789
0.075798
0.076794
0.076795
0.076794
0.075798
0.075797
0.078789
0.076795
0.075798
0.076795
0.075798
0.074800
0.072805
0.073802
0.074800
0.073803
0.070811
0.073803
0.072805
0.072805
0.072805
0.072805
0.074800
0.073805
0.072805
0.071808
0.073802
0.071808
0.071808
0.071808
0.070811
0.071808
0.071808
0.072806
0.074800
0.071808
0.075798
0.073802
0.069813
0.071808
0.071808
0.072806
0.073803
0.072806
0.072805
0.072806
0.072805
0.071808
0.069814
0.072805
0.070811
0.071808
0.070810
0.071808
0.070811
0.072805
0.072805
0.074800
0.073803
0.074799
0.076795
0.076795
0.075798
0.076794
0.077792
0.078789
0.077792
0.076795
0.074801
0.076794
0.076795
0.075798
0.075797
0.075798
0.074800
0.073877
0.074800
0.071808
0.071808
0.075798
0.072805
0.072806
0.072805
0.069813
0.068816
0.069813
0.070810
0.069813
0.069813
0.068815
0.070811
0.068816
0.069813
0.069813
0.068816
0.067819
0.066822
0.065824
0.067819
0.065824
0.064827
0.067818
0.065824
0.066821
0.066821
0.065824
0.064827
0.066821
0.065824
0.068816
0.069813
0.070811
0.070810
0.071808
0.073803
0.078789
0.076796
0.075798
0.074799
0.074800
0.074800
0.075797
0.075798
0.073802
0.070810
0.071807
0.073802
0.073803
0.073803
0.074800
0.074800
0.075797
0.074800
0.072806
0.071808
0.074800
0.073803
0.072805
0.072806
0.072806
0.068816
0.068816
0.070810
0.071808
0.070811
0.072805
0.073803
0.075798
0.074800
0.073802
0.072805
0.071809
0.074800
0.079787
0.081781
0.071805
0.072806
0.071808
0.071807
0.072801
0.069814
0.078790
0.074800
0.072806
0.070811
0.067818
0.067819
0.066821
0.067819
0.068815
0.067819
0.068815
0.069813
0.069813
0.070811
0.071809
0.072805
0.071809
0.067818
0.070811
0.079787
0.078789
0.076793
0.072806
0.071808
0.071809
0.070808
0.073803
0.070811
0.068816
0.070811
0.069813
0.069813
0.070811
0.069813
0.069813
0.068816
0.070812
0.073802
0.068816
0.067817
0.068816
0.069813
0.072805
0.070811
0.070811
0.074800
0.068816
0.069812
0.072805
0.074800
0.072805
0.075797
0.075798
0.078790
0.074799
0.078789
0.076789
0.077792
0.078788
0.078789
0.074800
0.074800
0.075800
0.073802
0.074800
0.074800
0.074800
0.074801
0.073803
0.074801
0.075796
0.075797
0.075797
0.075798
0.072806
0.077792
0.073803
0.073802
0.078789
0.076794
0.074800
0.075797
0.080784
0.075797
0.075797
0.077792
0.077792
0.074800
0.075796
0.075797
0.077791
0.075798
0.075797
0.072805
0.073803
0.074799
0.074800
0.077792
0.076794
0.073802
0.078789
0.077793
0.073802
0.075795
0.074800
0.077792
0.075797
0.074800
0.072805
0.077791
0.076795
0.073803
0.073801
0.071809
0.074799
0.073803
0.071808
0.071808
0.071808
0.073803
0.071808
0.070810
0.069813
0.068816
0.069814
0.070810
0.070811
0.070811
0.070811
0.071808
0.070811
0.069813
0.069813
0.071808
0.069813
0.071808
0.072805
0.068816
0.069813
0.069814
0.070811
0.073803
0.071808
0.070811
0.070810
0.073803
0.071809
0.071808
0.071808
0.071808
0.072805
0.071808
0.072805
0.073802
0.073803
0.073803
0.073803
0.074800
0.074800
0.076795
0.075797
0.078789
0.074800
0.076795
0.081782
0.076795
0.071808
0.074800
0.073802
0.073803
0.072805
0.070811
0.073802
0.076795
0.072805
0.073803
0.073802
0.074800
0.073802
0.075797
0.075797
0.076795
0.074800
0.074800
0.074800
0.074798
0.071808
0.072805
0.071808
0.071808
0.075798
0.071808
0.074800
0.076795
0.073803
0.075798
0.075797
0.074800
0.074799
0.077792
0.078790
0.076795
0.077792
0.076795
0.077792
0.076795
0.076794
0.080784
0.078789
0.076795
0.081782
0.076794
0.075797
0.076794
0.076795
0.076795
0.077792
0.076794
0.078790
0.076795
0.077792
0.075797
0.077791
0.077792
0.076794
0.076794
0.077792
0.078789
0.078789
0.077792
0.077792
0.079787
0.079786
0.077792
0.076795
0.076795
0.074800
0.074800
0.077792
0.077791
0.079787
0.078789
0.080784
0.079787
0.077792
0.076795
0.080784
0.077792
0.077788
0.079787
0.077793
0.075797
0.075797
0.076795
0.073803
0.074800
0.075798
0.074799
0.077298
0.073803
0.074800
0.074800
0.078789
0.077792
0.076795
0.076794
0.076795
0.075798
0.077792
0.076795
0.073803
0.073802
0.072805
0.076795
0.074800
0.073803
0.074800
0.077792
0.074800
0.077792
0.072806
0.075797
0.073803
0.073803
0.075797
0.076795
0.074800
0.077792
0.073802
0.074799
0.075797
0.073803
0.073803
0.075798
0.072806
0.075798
0.075797
0.078789
0.075798
0.078789
0.075798
0.076795
0.076794
0.075798
0.075797
0.078789
0.075797
0.073802
0.074800
0.076795
0.074800
0.076795
0.073802
0.075797
0.074800
0.075797
0.075798
0.075797
0.075797
0.076794
0.074801
0.076795
0.075797
0.073803
0.073803
0.075797
0.076795
0.077792
0.076794
0.075797
0.076794
0.076795
0.076794
0.075798
0.075797
0.075798
0.073802
0.075798
0.075797
0.075797
0.077792
0.079787
0.077791
0.078789
0.077792
0.075798
0.075797
0.074800
0.079787
0.073803
0.074800
0.074800
0.073802
0.075798
0.074800
0.073802
0.073803
0.074800
0.073802
0.074800
0.071808
0.072805
0.070811
0.071808
0.071808
0.071807
0.069813
0.071808
0.070810
0.074800
0.072805
