F:\datasets\door_stair/result/Faster_Inception-stair-2\
=========  F:\datasets\door_stair/result/Faster_Inception-stair-2\   ===========
Chart path :  F:\datasets\door_stair/result/Faster_Inception-stair-2\_chart
class -> F:\datasets\door_stair/result/Faster_Inception-stair-2\ascending_stair.txt
PRECISION ascending_stair 0 0
RECALL ascending_stair 0 0
F ascending_stair -1.0 0
Simple Recall 0 0
Simple Precision 0 0
class -> F:\datasets\door_stair/result/Faster_Inception-stair-2\descending_stair.txt
PRECISION descending_stair 1.0 0.48000000000000026
RECALL descending_stair 0.75 0.0
F descending_stair 0.736842105263158 0.0
Simple Recall 1.0 0.03
Simple Precision 1.0 0.0

---- mAPs of   ---
ascending_stair 0.0
descending_stair 0.5668960783168386
mAP: 0.2834480391584193



Prediction Speed 
Count => 314 
Sum => 22.933861 
Average => 0.073038 
variance => 0.000015 
stdev => 0.003823 
FPS => 13.7 


0.072805
0.071808
0.072806
0.069813
0.071809
0.073803
0.074800
0.071808
0.073863
0.071808
0.072806
0.070811
0.073803
0.073803
0.071807
0.072805
0.073803
0.071808
0.071808
0.072805
0.072805
0.070811
0.071808
0.070810
0.071808
0.072806
0.071808
0.072806
0.070811
0.070811
0.071808
0.071808
0.070810
0.070811
0.070811
0.070001
0.071808
0.071807
0.072807
0.072805
0.070811
0.072805
0.070811
0.068816
0.068816
0.072806
0.070811
0.070811
0.070811
0.071808
0.069813
0.067818
0.069813
0.069814
0.070811
0.069814
0.071261
0.065368
0.078620
0.060382
0.083414
0.069976
0.064842
0.080450
0.066741
0.081134
0.069694
0.061335
0.082174
0.074708
0.062392
0.064491
0.068981
0.074096
0.057726
0.078046
0.077916
0.069815
0.070811
0.069813
0.070811
0.069813
0.067819
0.067819
0.067819
0.068816
0.069813
0.069813
0.067819
0.068816
0.071808
0.067819
0.071809
0.072807
0.072806
0.074800
0.070811
0.069813
0.072806
0.074800
0.072805
0.072805
0.070810
0.071808
0.072806
0.072806
0.073802
0.073803
0.073803
0.072806
0.072806
0.071808
0.070811
0.072806
0.072805
0.070810
0.073802
0.072981
0.071808
0.070811
0.070811
0.072805
0.070811
0.070811
0.072806
0.071808
0.071808
0.073802
0.073803
0.076794
0.077792
0.075797
0.078789
0.075798
0.075797
0.074800
0.075797
0.077792
0.076795
0.074800
0.076794
0.077792
0.074800
0.075797
0.074800
0.077792
0.079787
0.082778
0.083775
0.081782
0.082778
0.080784
0.081782
0.080784
0.081781
0.082779
0.082779
0.080785
0.077791
0.074799
0.080784
0.078789
0.082778
0.081780
0.073802
0.076795
0.076795
0.076795
0.078789
0.081781
0.074800
0.072805
0.070812
0.073802
0.069813
0.068816
0.070811
0.067819
0.067819
0.070810
0.069813
0.070811
0.071808
0.071808
0.076794
0.082780
0.076794
0.079787
0.078789
0.076795
0.078789
0.078790
0.078788
0.078788
0.076795
0.076794
0.074799
0.075798
0.075797
0.076794
0.077791
0.076795
0.079787
0.078789
0.074801
0.075798
0.074800
0.070811
0.071808
0.073803
0.071808
0.072805
0.072805
0.070811
0.071808
0.073803
0.073803
0.071809
0.070811
0.073802
0.073802
0.076795
0.073803
0.075797
0.073802
0.071808
0.073803
0.075798
0.072806
0.072806
0.073802
0.072806
0.071809
0.070811
0.070811
0.072806
0.073802
0.074800
0.071808
0.070811
0.068815
0.069812
0.070811
0.069813
0.071808
0.073803
0.072805
0.071808
0.073803
0.075798
0.074800
0.070812
0.071808
0.068816
0.069813
0.068818
0.069813
0.070811
0.070811
0.071808
0.070811
0.070811
0.071808
0.070811
0.072805
0.070811
0.070811
0.068816
0.070811
0.069813
0.069813
0.070812
0.067819
0.069813
0.068817
0.069813
0.068816
0.070811
0.069813
0.070811
0.070811
0.069813
0.070811
0.069813
0.072806
0.070811
0.072804
0.073803
0.072805
0.073803
0.071808
0.073803
0.072805
0.073803
0.073802
0.071807
0.074800
0.071807
0.072805
0.071809
0.073803
0.072805
0.073803
0.074800
0.071808
0.073803
0.074800
0.073802
0.072806
0.070811
0.073803
0.074800
0.072806
0.074800
