F:\datasets\door_stair/resultVideos/Faster_Inception-door-5\
=========  F:\datasets\door_stair/resultVideos/Faster_Inception-door-5\   ===========
Chart path :  F:\datasets\door_stair/resultVideos/Faster_Inception-door-5\_chart
class -> F:\datasets\door_stair/resultVideos/Faster_Inception-door-5\opened_door.txt
PRECISION opened_door 0.21615720524017468 0.9400000000000006
RECALL opened_door 0.9611650485436893 0.0
F opened_door 0.3529411764705883 0.9400000000000006
Simple Recall 1.0 0.9400000000000006
Simple Precision 0.22489082969432314 0.0
class -> F:\datasets\door_stair/resultVideos/Faster_Inception-door-5\closed_door.txt
PRECISION closed_door 0.35174953959484345 0.9400000000000006
RECALL closed_door 0.9964912280701754 0.0
F closed_door 0.46496106785317015 0.9200000000000006
Simple Recall 1.0 0.9400000000000006
Simple Precision 0.3572744014732965 0.0
class -> F:\datasets\door_stair/resultVideos/Faster_Inception-door-5\elevator_door.txt
PRECISION elevator_door 0.9857142857142858 0.9400000000000006
RECALL elevator_door 0.9836448598130841 0.0
F elevator_door 0.7956989247311828 0.24000000000000007
Simple Recall 1.0 0.9400000000000006
Simple Precision 0.9857142857142858 0.0

---- mAPs of   ---
opened_door 0.20776275066774072
closed_door 0.3300032490529142
elevator_door 0.8647890595568678
mAP: 0.4675183530925076



Prediction Speed 
Count => 1532 
Sum => 110.284389 
Average => 0.071987 
variance => 0.000018 
stdev => 0.004229 
FPS => 13.9 


0.073802
0.072806
0.072806
0.070811
0.071808
0.071808
0.070812
0.071808
0.071808
0.071808
0.070811
0.074800
0.073803
0.076795
0.072806
0.072805
0.073803
0.073803
0.073803
0.075797
0.073802
0.072805
0.070812
0.074800
0.073803
0.076795
0.074800
0.073803
0.073803
0.074800
0.075798
0.075797
0.076795
0.076795
0.078789
0.076795
0.074800
0.071808
0.072805
0.070811
0.067819
0.066821
0.067820
0.069813
0.069813
0.070811
0.073803
0.073802
0.076795
0.071808
0.070811
0.069813
0.071808
0.070811
0.072806
0.071808
0.072805
0.075798
0.064832
0.083267
0.073803
0.074801
0.073803
0.073803
0.074800
0.072806
0.071808
0.070811
0.071808
0.072805
0.073803
0.073803
0.073803
0.074800
0.073803
0.073803
0.073803
0.073803
0.073804
0.071808
0.073803
0.072806
0.072805
0.072806
0.073803
0.073803
0.072806
0.075798
0.071808
0.071809
0.072806
0.070811
0.071808
0.070811
0.071808
0.070811
0.071808
0.071808
0.070811
0.064912
0.082668
0.070811
0.069814
0.071807
0.070811
0.070811
0.073802
0.072805
0.072805
0.072806
0.071809
0.071808
0.073803
0.072805
0.072805
0.072805
0.074800
0.073803
0.070811
0.073803
0.071808
0.071808
0.070811
0.072806
0.072806
0.072805
0.070811
0.069813
0.073802
0.072807
0.071808
0.070811
0.068816
0.067819
0.067819
0.067818
0.067818
0.070811
0.071808
0.069813
0.068816
0.068816
0.068816
0.066822
0.068817
0.066822
0.069813
0.070812
0.071808
0.072806
0.069813
0.070811
0.071808
0.069813
0.069813
0.067819
0.067819
0.067819
0.066821
0.066822
0.069813
0.069813
0.069813
0.068816
0.069813
0.071808
0.069813
0.068816
0.068816
0.079787
0.067818
0.065824
0.067819
0.068816
0.068816
0.069813
0.067819
0.066821
0.069813
0.067819
0.067819
0.068816
0.056558
0.062485
0.062485
0.078107
0.062486
0.078106
0.062485
0.078107
0.062485
0.078107
0.062485
0.062485
0.062485
0.062485
0.080285
0.065824
0.064595
0.062485
0.062485
0.078106
0.062485
0.078106
0.062485
0.078107
0.062485
0.078107
0.062485
0.078107
0.062485
0.083234
0.072806
0.072805
0.072805
0.069814
0.070811
0.069813
0.071808
0.072805
0.070811
0.068817
0.069816
0.069814
0.071808
0.071808
0.069813
0.070811
0.069813
0.069813
0.068816
0.066821
0.065824
0.069813
0.068816
0.067819
0.071808
0.073802
0.072912
0.071808
0.071808
0.071808
0.071808
0.069813
0.071807
0.072805
0.071808
0.071808
0.070811
0.071808
0.070811
0.070811
0.068816
0.073803
0.073803
0.071808
0.073803
0.073804
0.073802
0.075797
0.076795
0.075798
0.077792
0.077793
0.072806
0.074800
0.076795
0.074800
0.072805
0.073803
0.071808
0.073803
0.074800
0.070811
0.071808
0.069815
0.071808
0.073803
0.072795
0.072805
0.073803
0.073803
0.074800
0.076795
0.072805
0.075798
0.075797
0.070811
0.072805
0.071808
0.072806
0.071808
0.071808
0.070811
0.073802
0.071808
0.070811
0.070811
0.073803
0.072805
0.072806
0.071807
0.075798
0.074800
0.074800
0.074800
0.074800
0.075797
0.071808
0.075797
0.072805
0.073802
0.072805
0.073802
0.072806
0.074800
0.073803
0.071808
0.070811
0.073802
0.071808
0.069813
0.073803
0.071808
0.071808
0.071809
0.071808
0.070811
0.069813
0.068815
0.068816
0.071809
0.071808
0.070811
0.070811
0.070811
0.069813
0.068816
0.068816
0.067819
0.067819
0.068816
0.067819
0.066822
0.069813
0.066821
0.064827
0.064827
0.064827
0.064826
0.067819
0.066821
0.067819
0.064827
0.065824
0.066821
0.064827
0.065824
0.065824
0.064826
0.065824
0.063830
0.063829
0.063830
0.062832
0.062832
0.063829
0.062832
0.064827
0.063829
0.064827
0.063829
0.067819
0.066822
0.067819
0.066821
0.068816
0.071808
0.069813
0.069813
0.070811
0.071808
0.069814
0.073803
0.069814
0.068816
0.070811
0.069814
0.068816
0.072805
0.072806
0.073803
0.073803
0.070811
0.071808
0.071808
0.071808
0.072806
0.072805
0.072805
0.071808
0.073803
0.072805
0.071808
0.059854
0.078106
0.078108
0.062485
0.078106
0.062485
0.062485
0.062485
0.062485
0.062485
0.062485
0.062485
0.077578
0.065824
0.066821
0.064827
0.063830
0.064826
0.063829
0.063830
0.065824
0.063829
0.064826
0.064827
0.064826
0.063829
0.065824
0.065824
0.065824
0.066822
0.067819
0.068816
0.070810
0.069813
0.070811
0.073803
0.071808
0.068816
0.066821
0.064827
0.065824
0.065824
0.067819
0.071808
0.072805
0.073802
0.073803
0.072805
0.074800
0.070811
0.071808
0.070811
0.071808
0.070811
0.072805
0.070811
0.070810
0.070811
0.069814
0.070810
0.070811
0.073802
0.073803
0.074800
0.070811
0.071809
0.072805
0.073803
0.072805
0.073803
0.072805
0.073802
0.074800
0.073802
0.073803
0.074800
0.075797
0.077793
0.075797
0.072805
0.073803
0.073803
0.073803
0.074800
0.075798
0.073803
0.076794
0.076795
0.075798
0.074800
0.073803
0.072805
0.072805
0.070811
0.073803
0.073803
0.074800
0.078789
0.075797
0.074799
0.072805
0.072805
0.072806
0.073803
0.074799
0.073803
0.074800
0.075798
0.074800
0.074800
0.074800
0.070810
0.075798
0.074800
0.074798
0.073803
0.074800
0.073802
0.071808
0.073803
0.075797
0.073803
0.073803
0.074800
0.072805
0.073803
0.073802
0.074801
0.073802
0.073803
0.075797
0.074800
0.072806
0.076796
0.072805
0.071808
0.072805
0.069813
0.072806
0.072806
0.072806
0.072805
0.070811
0.072805
0.073803
0.070811
0.075797
0.070811
0.069813
0.070811
0.069278
0.062485
0.077626
0.082778
0.068281
0.078107
0.078106
0.062485
0.062485
0.074800
0.074800
0.074800
0.075797
0.076795
0.076795
0.073803
0.074801
0.078789
0.075797
0.076794
0.072805
0.074801
0.073803
0.072806
0.075798
0.074800
0.073803
0.070810
0.080783
0.083776
0.075797
0.075798
0.072805
0.074800
0.076795
0.075798
0.074800
0.074800
0.073803
0.073802
0.074800
0.072805
0.072806
0.072805
0.070811
0.071808
0.071808
0.071809
0.071808
0.071809
0.068815
0.066821
0.066821
0.065824
0.068817
0.071808
0.068816
0.067818
0.068814
0.067818
0.068816
0.069814
0.072805
0.074800
0.074800
0.073802
0.074801
0.074800
0.078790
0.078789
0.073803
0.080784
0.078789
0.067216
0.078106
0.078106
0.091092
0.078789
0.076795
0.074800
0.074800
0.075798
0.072805
0.075798
0.074800
0.076794
0.076795
0.077792
0.075798
0.075798
0.076795
0.075798
0.065180
0.078789
0.068899
0.086297
0.080441
0.064911
0.078107
0.078787
0.081780
0.077787
0.080784
0.073803
0.072806
0.073802
0.071809
0.073802
0.071808
0.070810
0.068816
0.068816
0.070811
0.070809
0.088762
0.070811
0.071809
0.072806
0.070811
0.071808
0.071808
0.070811
0.071808
0.069813
0.069814
0.068816
0.070811
0.067819
0.069813
0.067819
0.066822
0.067818
0.065825
0.066821
0.065824
0.065824
0.065824
0.065824
0.064827
0.064827
0.064827
0.064827
0.064827
0.063830
0.062832
0.063830
0.064827
0.065824
0.065824
0.063830
0.065824
0.063829
0.064827
0.064827
0.066822
0.065824
0.065824
0.068816
0.069814
0.070812
0.070811
0.073803
0.075798
0.070811
0.067819
0.066822
0.068816
0.069814
0.070811
0.070811
0.073803
0.074800
0.078790
0.076795
0.075797
0.070811
0.069813
0.072805
0.071808
0.075797
0.078789
0.079787
0.074800
0.078790
0.078789
0.081781
0.076795
0.073803
0.074800
0.073803
0.075797
0.075797
0.076795
0.075797
0.075797
0.076795
0.073803
0.075798
0.076795
0.075798
0.075798
0.074800
0.076795
0.075798
0.072805
0.071808
0.074800
0.071808
0.069813
0.074800
0.070811
0.070810
0.071809
0.072805
0.070811
0.071808
0.070811
0.069813
0.072805
0.069813
0.073802
0.075798
0.068815
0.069813
0.070811
0.072805
0.073803
0.069813
0.069814
0.070811
0.067819
0.071808
0.067819
0.067818
0.070811
0.070811
0.068816
0.066822
0.069813
0.073804
0.073803
0.069813
0.073803
0.071808
0.071808
0.070811
0.071808
0.071808
0.074800
0.072806
0.072806
0.074800
0.078790
0.070811
0.072806
0.077792
0.074800
0.070811
0.071808
0.076795
0.074800
0.074800
0.074800
0.075797
0.073802
0.072806
0.071808
0.073803
0.075797
0.074800
0.071808
0.075797
0.072806
0.071808
0.069814
0.070811
0.068817
0.067818
0.066821
0.066822
0.068816
0.067819
0.067818
0.065825
0.065824
0.066822
0.066822
0.064827
0.064826
0.066821
0.066822
0.067818
0.066822
0.065513
0.071487
0.066892
0.067819
0.070811
0.069813
0.067819
0.068816
0.069813
0.067819
0.067819
0.069578
0.067819
0.067819
0.069813
0.069814
0.069814
0.069813
0.067819
0.070810
0.068816
0.069813
0.070810
0.071808
0.073803
0.081782
0.074799
0.074801
0.066544
0.078106
0.078107
0.076437
0.071807
0.071808
0.072805
0.073801
0.071808
0.074800
0.072805
0.073802
0.072806
0.073802
0.072806
0.073803
0.077791
0.076795
0.072805
0.074800
0.071808
0.072806
0.072806
0.074800
0.073803
0.072806
0.073803
0.073803
0.073803
0.073803
0.072806
0.076795
0.075797
0.076795
0.074800
0.074800
0.073803
0.073803
0.071808
0.072806
0.074800
0.071807
0.074800
0.075798
0.076795
0.076795
0.074800
0.073803
0.072805
0.070811
0.070811
0.072805
0.071808
0.070811
0.072806
0.072806
0.075798
0.073803
0.074800
0.075797
0.072805
0.070811
0.070811
0.076795
0.075798
0.074800
0.076795
0.075798
0.075799
0.075798
0.077793
0.075798
0.074800
0.080784
0.075796
0.075797
0.079787
0.076795
0.072805
0.073803
0.076794
0.077792
0.071808
0.073802
0.074800
0.071808
0.072806
0.076795
0.076795
0.078790
0.078789
0.077792
0.076794
0.075797
0.077792
0.073803
0.076795
0.077791
0.075797
0.074800
0.077792
0.076795
0.076795
0.075798
0.076795
0.076795
0.076795
0.076796
0.080784
0.075798
0.083776
0.074800
0.067819
0.067819
0.066822
0.067819
0.071808
0.069813
0.069814
0.068816
0.068816
0.074800
0.072805
0.069813
0.070811
0.072805
0.070811
0.065825
0.067819
0.067819
0.067819
0.067818
0.070811
0.070811
0.074800
0.073802
0.074800
0.072806
0.070811
0.071808
0.070811
0.073803
0.072805
0.073802
0.072806
0.072805
0.071808
0.073803
0.073803
0.076795
0.073802
0.076795
0.093749
0.077791
0.082779
0.078789
0.077792
0.076795
0.074800
0.074800
0.076795
0.074800
0.074800
0.076792
0.073802
0.073802
0.076795
0.072805
0.074095
0.076795
0.076789
0.069813
0.070811
0.070811
0.070813
0.070810
0.073803
0.072804
0.071808
0.077792
0.074800
0.074800
0.072806
0.072805
0.075797
0.078789
0.073804
0.074800
0.071808
0.068816
0.068816
0.065824
0.069814
0.069813
0.066822
0.068816
0.066821
0.066822
0.067819
0.075798
0.072806
0.073803
0.073803
0.070811
0.072805
0.071808
0.073803
0.073803
0.073802
0.073803
0.073803
0.071808
0.072805
0.071808
0.070811
0.074800
0.076795
0.077793
0.077792
0.074799
0.076796
0.080784
0.078790
0.073803
0.072806
0.075798
0.074800
0.070811
0.075797
0.073803
0.073803
0.071808
0.071807
0.071808
0.073802
0.073803
0.075798
0.077792
0.076795
0.072805
0.074800
0.072805
0.071808
0.074800
0.072805
0.072806
0.075799
0.073803
0.073802
0.076795
0.073803
0.074800
0.075798
0.074800
0.073803
0.073803
0.071809
0.076794
0.070811
0.070811
0.073802
0.072805
0.072806
0.073803
0.070812
0.072805
0.071808
0.072805
0.072805
0.073802
0.073803
0.073802
0.077792
0.075798
0.080784
0.080784
0.080784
0.077791
0.082779
0.077792
0.079787
0.081781
0.081782
0.079787
0.077792
0.078789
0.078790
0.075797
0.077792
0.094747
0.079787
0.077792
0.080784
0.076795
0.075799
0.078790
0.079787
0.080784
0.080784
0.078790
0.077792
0.078789
0.076795
0.084773
0.079786
0.081782
0.082779
0.080784
0.080784
0.080785
0.076795
0.075797
0.074800
0.075797
0.074800
0.072806
0.073803
0.069813
0.070811
0.072805
0.069813
0.070811
0.069813
0.070811
0.070811
0.071809
0.069813
0.075797
0.072806
0.071809
0.074800
0.071808
0.069813
0.069813
0.070811
0.070811
0.075797
0.073803
0.074800
0.074800
0.070811
0.072805
0.068816
0.070811
0.071808
0.072806
0.070811
0.072805
0.072806
0.070810
0.071808
0.071808
0.070810
0.068816
0.071808
0.072806
0.070811
0.070811
0.070810
0.070811
0.070811
0.071808
0.070811
0.071808
0.069814
0.073802
0.070811
0.069813
0.071808
0.070810
0.067819
0.066821
0.068816
0.066821
0.066822
0.067819
0.066822
0.069813
0.069813
0.069813
0.069811
0.067819
0.067819
0.069813
0.067818
0.068816
0.068816
0.070811
0.067819
0.069813
0.069815
0.069813
0.068816
0.069813
0.069813
0.068816
0.069813
0.069814
0.068816
0.065824
0.068816
0.060917
0.078106
0.062485
0.081394
0.077517
0.071808
0.072803
0.071808
0.071808
0.070811
0.072806
0.072806
0.070811
0.072805
0.077792
0.073802
0.074800
0.070810
0.069813
0.070811
0.072806
0.072805
0.072805
0.072805
0.071808
0.071808
0.071809
0.070811
0.069813
0.071808
0.073803
0.071808
0.070811
0.070811
0.068816
0.069814
0.069813
0.068816
0.068816
0.068816
0.068816
0.068816
0.067819
0.068816
0.067819
0.067819
0.070811
0.070811
0.070811
0.070811
0.068816
0.067819
0.067818
0.069813
0.068816
0.069813
0.067819
0.067818
0.067819
0.069814
0.066821
0.067819
0.066822
0.067819
0.067819
0.067819
0.065824
0.067819
0.066822
0.065824
0.065824
0.066822
0.065825
0.065824
0.067818
0.066821
0.068816
0.069815
0.070810
0.069813
0.068817
0.069813
0.068815
0.067818
0.068816
0.068816
0.068816
0.069813
0.068816
0.068816
0.067819
0.067819
0.069813
0.069813
0.067819
0.068815
0.067819
0.067819
0.068816
0.067819
0.067819
0.067819
0.066821
0.068815
0.066822
0.066821
0.066821
0.066823
0.064826
0.069813
0.066822
0.067819
0.068816
0.068816
0.068816
0.065824
0.066822
0.066821
0.066822
0.066822
0.068816
0.065823
0.068817
0.067819
0.066822
0.065823
0.067818
0.067821
0.069813
0.067819
0.068817
0.069813
0.067819
0.067820
0.067819
0.066821
0.068814
0.067818
0.066822
0.067819
0.067819
0.066822
0.069813
0.069814
0.067818
0.071808
0.067819
0.067819
0.069813
0.067819
0.065824
0.066822
0.065824
0.067820
0.066821
0.067819
0.066822
0.067819
0.067819
0.067818
0.067819
0.067819
0.068818
0.067819
0.068816
0.073803
0.069814
0.067819
0.067819
0.067819
0.069813
0.069813
0.070811
0.068816
0.067819
0.067819
0.065824
0.066822
0.066822
0.068816
0.067819
0.069814
0.068816
0.068816
0.070811
0.067818
0.068815
0.065824
0.066822
0.069813
0.068816
0.070812
0.069812
0.069813
0.067819
0.069810
0.067819
0.068816
0.068816
0.070811
0.070811
0.070811
0.070811
0.070811
0.069813
0.072806
0.074800
0.073803
0.075798
0.075797
0.076795
0.075797
0.068690
0.078107
0.078106
0.088548
0.075797
0.075797
0.075797
0.079786
0.075798
0.076795
0.077792
0.076794
0.077792
0.077792
0.077792
0.079787
0.080784
0.080784
0.079787
0.082779
0.080781
0.079785
0.078789
0.078789
0.077792
0.078789
0.077794
0.077792
0.074800
0.074800
0.074800
0.074800
0.075798
0.076795
0.075797
0.075797
0.076795
0.075798
0.075798
0.077792
0.080784
0.077791
0.076795
0.078789
