F:\datasets\door_stair/resultVideos/Faster_Inception-door-3\
=========  F:\datasets\door_stair/resultVideos/Faster_Inception-door-3\   ===========
Chart path :  F:\datasets\door_stair/resultVideos/Faster_Inception-door-3\_chart
class -> F:\datasets\door_stair/resultVideos/Faster_Inception-door-3\opened_door.txt
PRECISION opened_door 0 0
RECALL opened_door 0 0
F opened_door -1.0 0
Simple Recall 0 0
Simple Precision 0 0
class -> F:\datasets\door_stair/resultVideos/Faster_Inception-door-3\closed_door.txt
PRECISION closed_door 0.8520710059171598 0.9300000000000006
RECALL closed_door 0.9884393063583815 0.0
F closed_door 0.8882978723404256 0.4200000000000002
Simple Recall 0.9884393063583815 0.9300000000000006
Simple Precision 0.8520710059171598 0.0
class -> F:\datasets\door_stair/resultVideos/Faster_Inception-door-3\elevator_door.txt
PRECISION elevator_door 0 0
RECALL elevator_door 0 0
F elevator_door -1.0 0
Simple Recall 0 0
Simple Precision 0 0

---- mAPs of   ---
opened_door 0.0
closed_door 0.8383933768931221
elevator_door 0.0
mAP: 0.27946445896437405



Prediction Speed 
Count => 305 
Sum => 23.038529 
Average => 0.075536 
variance => 0.000013 
stdev => 0.003672 
FPS => 13.2 


0.077792
0.076795
0.075798
0.075798
0.075798
0.079786
0.078789
0.081782
0.079787
0.077792
0.077792
0.076795
0.077792
0.077791
0.078789
0.075798
0.074801
0.075797
0.075798
0.079788
0.076794
0.076794
0.077792
0.075798
0.075797
0.079787
0.076795
0.079787
0.080785
0.076794
0.076795
0.076795
0.078789
0.076795
0.076795
0.075797
0.076796
0.075797
0.078789
0.076795
0.077793
0.077792
0.075797
0.075798
0.073803
0.072806
0.074800
0.074800
0.073802
0.073803
0.074800
0.075797
0.075798
0.076795
0.075798
0.082779
0.085770
0.077792
0.078790
0.078789
0.074800
0.073803
0.074800
0.074800
0.076795
0.075798
0.077792
0.075798
0.076795
0.075798
0.074800
0.078789
0.077792
0.080784
0.077792
0.079787
0.078790
0.076795
0.076794
0.076795
0.079788
0.080784
0.080784
0.077792
0.074800
0.073803
0.074800
0.075797
0.075797
0.074800
0.073802
0.072806
0.075797
0.074802
0.073803
0.072805
0.071808
0.069813
0.071808
0.072806
0.071808
0.072805
0.069813
0.072805
0.072806
0.074800
0.073803
0.074800
0.073802
0.072805
0.075797
0.074800
0.073799
0.070811
0.074800
0.074800
0.072805
0.070811
0.070810
0.070811
0.071808
0.070811
0.068816
0.071808
0.069813
0.067819
0.071808
0.068816
0.068816
0.070811
0.070811
0.055376
0.062717
0.078107
0.062485
0.062485
0.078107
0.062485
0.078107
0.078106
0.062485
0.078107
0.078106
0.062486
0.085849
0.077249
0.073803
0.073803
0.072805
0.072805
0.070811
0.072805
0.073802
0.073803
0.074801
0.075798
0.074800
0.075798
0.076795
0.072805
0.074800
0.074800
0.075797
0.079787
0.075799
0.074800
0.076795
0.072806
0.073804
0.076795
0.073802
0.076795
0.074800
0.075797
0.073803
0.073802
0.074800
0.073803
0.072805
0.075798
0.074800
0.075798
0.073802
0.075798
0.077792
0.073802
0.072805
0.072805
0.074800
0.074800
0.072805
0.074800
0.075797
0.074800
0.076795
0.076794
0.076795
0.076794
0.074800
0.074801
0.074800
0.077792
0.077792
0.080784
0.079786
0.079787
0.079787
0.081781
0.081781
0.077792
0.077792
0.078790
0.078790
0.080784
0.077792
0.077792
0.078790
0.077792
0.078789
0.083776
0.078789
0.077792
0.078789
0.080784
0.082780
0.080784
0.079787
0.078789
0.078789
0.078789
0.079787
0.080784
0.079786
0.076795
0.077792
0.074800
0.078789
0.073803
0.077792
0.075798
0.076795
0.075797
0.077791
0.072806
0.075797
0.074800
0.074800
0.075798
0.080784
0.077792
0.075798
0.077792
0.073802
0.073804
0.076795
0.076795
0.075798
0.072805
0.075798
0.073803
0.074800
0.072806
0.075798
0.072806
0.074800
0.073804
0.089760
0.077792
0.073803
0.077792
0.075797
0.073803
0.074800
0.071808
0.082779
0.076794
0.075798
0.074800
0.072806
0.074800
0.074800
0.072806
0.071808
0.072805
0.071808
0.075797
0.075797
0.073803
0.072806
0.076795
0.073803
0.075798
0.073803
0.072806
0.075798
0.073802
0.075798
0.072806
0.073802
0.072805
0.073803
0.073803
0.071809
0.073803
0.076795
