F:\datasets\door_stair/result/Faster_Inception-door-4\
=========  F:\datasets\door_stair/result/Faster_Inception-door-4\   ===========
Chart path :  F:\datasets\door_stair/result/Faster_Inception-door-4\_chart
class -> F:\datasets\door_stair/result/Faster_Inception-door-4\opened_door.txt
PRECISION opened_door 0 0
RECALL opened_door 0 0
F opened_door -1.0 0
Simple Recall 0 0
Simple Precision 0 0
class -> F:\datasets\door_stair/result/Faster_Inception-door-4\closed_door.txt
PRECISION closed_door 0.11976047904191617 0.45000000000000023
RECALL closed_door 0.5538461538461539 0.0
F closed_door 0.1724137931034483 0.45000000000000023
Simple Recall 1.0 0.9400000000000006
Simple Precision 0.3291139240506329 0.0
class -> F:\datasets\door_stair/result/Faster_Inception-door-4\elevator_door.txt
PRECISION elevator_door 0.2907801418439716 0.03
RECALL elevator_door 0.5948275862068966 0.0
F elevator_door 0.3699731903485255 0.0
Simple Recall 0.6379310344827587 0.03
Simple Precision 0.2978723404255319 0.0

---- mAPs of   ---
opened_door 0.0
closed_door 0.06250223807538596
elevator_door 0.16906785526157309
mAP: 0.07719003111231969



Prediction Speed 
Count => 595 
Sum => 44.800457 
Average => 0.075295 
variance => 0.000008 
stdev => 0.002816 
FPS => 13.3 


0.075798
0.075797
0.075797
0.073803
0.077792
0.077792
0.076794
0.077792
0.074800
0.075798
0.078789
0.078790
0.075798
0.077792
0.075797
0.074800
0.074800
0.076795
0.075798
0.076794
0.077792
0.076795
0.077792
0.078789
0.078790
0.078789
0.076796
0.076794
0.076795
0.076795
0.078789
0.077793
0.077791
0.075797
0.079787
0.075797
0.074800
0.071808
0.072805
0.072806
0.076794
0.073802
0.073803
0.072806
0.073803
0.071808
0.071808
0.072805
0.071808
0.074800
0.072807
0.073803
0.072805
0.071808
0.073803
0.074800
0.072805
0.072805
0.074800
0.074800
0.074800
0.072805
0.074800
0.075798
0.076795
0.073802
0.075797
0.076794
0.072805
0.073802
0.074800
0.075798
0.071808
0.072805
0.075797
0.074800
0.076794
0.075797
0.076794
0.079908
0.075797
0.078790
0.078789
0.078789
0.076795
0.076794
0.077792
0.076795
0.078790
0.083776
0.079787
0.081782
0.081782
0.080784
0.078790
0.076795
0.072805
0.076795
0.076796
0.073802
0.074800
0.075797
0.072805
0.072805
0.073803
0.074800
0.073803
0.072806
0.074800
0.074800
0.071808
0.073803
0.073802
0.072805
0.074800
0.074800
0.076795
0.074800
0.076795
0.073803
0.072805
0.074800
0.075797
0.072806
0.073803
0.074800
0.076794
0.075798
0.077792
0.075797
0.074800
0.077792
0.073803
0.072805
0.072805
0.074800
0.073804
0.072805
0.070811
0.071808
0.072805
0.071808
0.070811
0.069813
0.071809
0.069813
0.070811
0.069813
0.070810
0.072806
0.071808
0.071808
0.071808
0.070811
0.073803
0.071809
0.072805
0.070810
0.072805
0.074800
0.072805
0.072805
0.071808
0.072806
0.071808
0.069813
0.069813
0.068816
0.068816
0.069813
0.069813
0.070811
0.069813
0.069813
0.074800
0.073803
0.073803
0.074800
0.070811
0.072806
0.070811
0.073803
0.071808
0.069814
0.070811
0.070811
0.069813
0.072805
0.071808
0.072805
0.073804
0.071808
0.078790
0.072805
0.076794
0.076795
0.076795
0.074800
0.073803
0.072805
0.076795
0.075798
0.076795
0.076795
0.077791
0.076794
0.074800
0.075799
0.077792
0.075797
0.077793
0.078789
0.077792
0.077792
0.076795
0.077791
0.077792
0.077792
0.081781
0.078790
0.077792
0.079786
0.080783
0.077792
0.076795
0.078790
0.075797
0.076795
0.078789
0.076795
0.074800
0.079787
0.081782
0.077792
0.076795
0.081782
0.078790
0.080784
0.079786
0.076794
0.076795
0.076794
0.076795
0.075798
0.078789
0.075797
0.076795
0.076795
0.077792
0.076795
0.076795
0.081781
0.074800
0.074800
0.073803
0.073802
0.074800
0.073802
0.074799
0.075797
0.076795
0.074800
0.073803
0.072805
0.074800
0.076795
0.074800
0.074800
0.075798
0.073803
0.072805
0.073802
0.075797
0.074800
0.073802
0.075797
0.074800
0.076795
0.077792
0.075798
0.075798
0.074800
0.075798
0.076795
0.078790
0.078789
0.076795
0.075798
0.076795
0.076795
0.079787
0.081781
0.076795
0.079787
0.081781
0.079786
0.089760
0.078789
0.080784
0.078789
0.081781
0.080784
0.081782
0.079786
0.079787
0.077792
0.078789
0.076794
0.077792
0.077791
0.075797
0.074800
0.073802
0.073803
0.075798
0.074800
0.075797
0.073803
0.077792
0.073803
0.076795
0.075798
0.077792
0.075798
0.077792
0.076795
0.072805
0.075797
0.077792
0.074800
0.073803
0.076795
0.075798
0.073803
0.075797
0.074800
0.075797
0.073802
0.073802
0.074800
0.075797
0.073803
0.076795
0.075798
0.074800
0.075797
0.075798
0.074800
0.073803
0.074800
0.075797
0.072806
0.077792
0.078790
0.075797
0.076795
0.074800
0.079787
0.079786
0.078790
0.075798
0.075797
0.079787
0.078789
0.077792
0.082779
0.078789
0.079786
0.079787
0.077792
0.079787
0.080781
0.080783
0.079785
0.080784
0.078789
0.077793
0.080783
0.080783
0.081781
0.079787
0.082778
0.075797
0.074800
0.077792
0.078789
0.077792
0.076795
0.075797
0.075798
0.074800
0.074801
0.076795
0.075798
0.077792
0.073803
0.072805
0.072806
0.072806
0.074800
0.072805
0.073802
0.072805
0.071808
0.072805
0.072805
0.072805
0.070811
0.072804
0.070810
0.071808
0.070811
0.070811
0.070811
0.069814
0.070811
0.069813
0.070811
0.071808
0.070811
0.070810
0.071808
0.075798
0.073802
0.073802
0.072805
0.073803
0.075797
0.076795
0.073803
0.074800
0.073802
0.072805
0.075798
0.072805
0.075798
0.074800
0.072805
0.072806
0.071808
0.073803
0.073803
0.073803
0.074799
0.074800
0.074800
0.074800
0.074800
0.074800
0.073802
0.074800
0.071808
0.071808
0.069813
0.070811
0.070811
0.070811
0.071808
0.071808
0.071808
0.071808
0.073803
0.074800
0.077792
0.076795
0.076795
0.076795
0.075798
0.082778
0.078789
0.079787
0.074800
0.075797
0.078789
0.076794
0.074800
0.076794
0.077792
0.077791
0.075798
0.076795
0.075797
0.077793
0.078789
0.075797
0.077792
0.076796
0.075798
0.072804
0.073803
0.073802
0.073803
0.074800
0.072805
0.070811
0.071808
0.072805
0.071808
0.073803
0.075798
0.071808
0.074800
0.071807
0.074800
0.074800
0.072805
0.075797
0.075797
0.075797
0.073803
0.073803
0.074800
0.073802
0.072805
0.071808
0.074800
0.074800
0.073802
0.076795
0.074800
0.078789
0.078789
0.074800
0.074800
0.073802
0.075798
0.072805
0.074800
0.080785
0.072805
0.073803
0.071808
0.074800
0.070810
0.070811
0.073802
0.071808
0.075798
0.073803
0.072806
0.072805
0.073802
0.072805
0.073803
0.073803
0.073802
0.071808
0.073802
0.072805
0.075797
0.071808
0.070810
0.071808
0.075797
0.074800
0.073803
0.075798
0.078900
0.077792
0.074800
0.075797
0.075798
0.075797
0.075797
0.074800
0.076795
0.075797
0.076795
0.078789
0.074800
0.076795
0.074800
0.076794
0.074800
0.072805
0.077792
0.078789
0.078790
0.078789
0.074800
0.076795
0.074800
0.073802
0.072805
0.074800
0.072805
0.073802
0.074800
0.075797
0.075797
0.075798
0.074800
0.075797
0.073803
0.074800
