F:\datasets\door_stair/resultVideos/Faster_Inception-stair-2\
=========  F:\datasets\door_stair/resultVideos/Faster_Inception-stair-2\   ===========
Chart path :  F:\datasets\door_stair/resultVideos/Faster_Inception-stair-2\_chart
class -> F:\datasets\door_stair/resultVideos/Faster_Inception-stair-2\ascending_stair.txt
PRECISION ascending_stair 0 0
RECALL ascending_stair 0 0
F ascending_stair -1.0 0
Simple Recall 0 0
Simple Precision 0 0
class -> F:\datasets\door_stair/resultVideos/Faster_Inception-stair-2\descending_stair.txt
PRECISION descending_stair 1.0 0.48000000000000026
RECALL descending_stair 0.75 0.0
F descending_stair 0.736842105263158 0.0
Simple Recall 1.0 0.03
Simple Precision 1.0 0.0

---- mAPs of   ---
ascending_stair 0.0
descending_stair 0.5668960783168386
mAP: 0.2834480391584193



Prediction Speed 
Count => 314 
Sum => 22.406379 
Average => 0.071358 
variance => 0.000010 
stdev => 0.003169 
FPS => 14.0 


0.072805
0.070811
0.072806
0.069813
0.071808
0.072806
0.072806
0.070811
0.071810
0.069813
0.072805
0.070811
0.072806
0.070811
0.070811
0.071808
0.072806
0.070810
0.070811
0.064269
0.078625
0.070811
0.071808
0.070811
0.069813
0.072805
0.071808
0.071808
0.070811
0.070811
0.071808
0.070811
0.069814
0.061099
0.078106
0.062485
0.062485
0.078107
0.078106
0.062485
0.062485
0.078106
0.062485
0.062485
0.078107
0.062485
0.078107
0.078723
0.070811
0.068816
0.069813
0.067819
0.068816
0.069813
0.069814
0.069813
0.070810
0.069813
0.070811
0.071808
0.068816
0.068815
0.068816
0.069813
0.070811
0.071808
0.069813
0.068816
0.068816
0.070811
0.068817
0.068816
0.068816
0.068816
0.066821
0.068816
0.069813
0.069813
0.069814
0.068816
0.070811
0.071808
0.068816
0.066821
0.066822
0.067819
0.067819
0.070811
0.067819
0.067774
0.069813
0.067818
0.069813
0.069813
0.068816
0.067819
0.069813
0.068817
0.069813
0.070811
0.069814
0.069813
0.069813
0.070811
0.070811
0.071808
0.070811
0.071808
0.072805
0.072805
0.072806
0.070811
0.070811
0.071808
0.072806
0.069813
0.072805
0.071808
0.070811
0.071808
0.070811
0.072805
0.069813
0.070811
0.071808
0.070811
0.072806
0.071808
0.073802
0.075798
0.075335
0.078106
0.078107
0.078107
0.062485
0.062485
0.062485
0.062485
0.062485
0.076161
0.072565
0.078104
0.078107
0.080654
0.075798
0.075797
0.073803
0.073802
0.075798
0.075797
0.076795
0.073803
0.076794
0.076795
0.075797
0.076795
0.074800
0.076795
0.073803
0.073803
0.074800
0.075797
0.077792
0.075798
0.071809
0.073803
0.071808
0.071808
0.072806
0.071808
0.069813
0.071808
0.068816
0.071808
0.069813
0.067819
0.070811
0.065824
0.067818
0.069813
0.069813
0.069814
0.069813
0.069815
0.069813
0.069813
0.071808
0.070811
0.071807
0.071808
0.072805
0.074800
0.071808
0.073803
0.071808
0.070810
0.071808
0.071808
0.071808
0.069813
0.071808
0.071808
0.073803
0.070811
0.071808
0.074800
0.071808
0.070811
0.070811
0.072806
0.072805
0.072806
0.072806
0.069814
0.070811
0.074800
0.071808
0.071808
0.069813
0.073802
0.073803
0.076795
0.073803
0.075798
0.073803
0.072806
0.073803
0.075797
0.072805
0.072806
0.073803
0.070811
0.071808
0.069813
0.071808
0.072805
0.073803
0.073803
0.070812
0.070811
0.068816
0.069814
0.068816
0.068815
0.070811
0.072805
0.072806
0.071808
0.072805
0.074800
0.073803
0.070811
0.070811
0.069814
0.068816
0.068816
0.069814
0.069813
0.069813
0.072806
0.070811
0.069814
0.070810
0.070811
0.071808
0.070811
0.069814
0.068816
0.069813
0.069813
0.069813
0.069813
0.067819
0.069813
0.067818
0.069813
0.068816
0.069813
0.069813
0.070812
0.069813
0.068816
0.068816
0.069814
0.070810
0.073802
0.072806
0.072806
0.073803
0.072806
0.071808
0.072806
0.072806
0.072806
0.073802
0.071808
0.074800
0.070810
0.072806
0.071808
0.071808
0.071808
0.072806
0.073803
0.070811
0.073803
0.073803
0.072806
0.070811
0.069813
0.073803
0.074800
0.072806
0.074800
