F:\datasets\door_stair/result/Faster_Inception-door-6\
=========  F:\datasets\door_stair/result/Faster_Inception-door-6\   ===========
Chart path :  F:\datasets\door_stair/result/Faster_Inception-door-6\_chart
class -> F:\datasets\door_stair/result/Faster_Inception-door-6\opened_door.txt
PRECISION opened_door 0.3225058004640371 0.9400000000000006
RECALL opened_door 0.9540816326530612 0.0
F opened_door 0.44427123928293055 0.9200000000000006
Simple Recall 1.0 0.9400000000000006
Simple Precision 0.43735498839907194 0.0
class -> F:\datasets\door_stair/result/Faster_Inception-door-6\closed_door.txt
PRECISION closed_door 0.3446327683615819 0.9100000000000006
RECALL closed_door 1.0 0.0
F closed_door 0.4272445820433436 0.8400000000000005
Simple Recall 1.0 0.9200000000000006
Simple Precision 0.3684210526315789 0.0
class -> F:\datasets\door_stair/result/Faster_Inception-door-6\elevator_door.txt
PRECISION elevator_door 0 0
RECALL elevator_door 0 0
F elevator_door -1.0 0
Simple Recall 0 0
Simple Precision 0 0

---- mAPs of   ---
opened_door 0.29309905984315315
closed_door 0.2952070863717581
elevator_door 0.0
mAP: 0.19610204873830375



Prediction Speed 
Count => 911 
Sum => 68.020851 
Average => 0.074666 
variance => 0.000014 
stdev => 0.003739 
FPS => 13.4 


0.075798
0.076795
0.077793
0.077791
0.075797
0.077792
0.077792
0.079787
0.076795
0.079787
0.078789
0.077792
0.075797
0.079787
0.071808
0.073803
0.076795
0.077792
0.077792
0.076794
0.076794
0.073802
0.073802
0.077792
0.075798
0.073802
0.074800
0.073803
0.070811
0.068816
0.069813
0.067819
0.066821
0.069813
0.067819
0.069813
0.076795
0.074800
0.070811
0.076795
0.070810
0.069817
0.069813
0.067819
0.070810
0.068816
0.072805
0.070810
0.071808
0.071808
0.071808
0.071808
0.069813
0.069813
0.070810
0.072805
0.070811
0.071808
0.075796
0.071808
0.070811
0.071808
0.074800
0.070811
0.074800
0.071808
0.070811
0.071808
0.071808
0.071808
0.069814
0.068816
0.070811
0.072804
0.070811
0.071808
0.072805
0.074800
0.072805
0.071807
0.072806
0.071809
0.072806
0.073802
0.072805
0.073802
0.073803
0.073801
0.071809
0.072805
0.075798
0.077793
0.072805
0.076795
0.073802
0.077792
0.075798
0.072805
0.075797
0.076796
0.073802
0.075797
0.074800
0.073802
0.073803
0.079787
0.079787
0.076795
0.078789
0.078789
0.078789
0.077792
0.075797
0.080784
0.077792
0.076795
0.078789
0.075798
0.079787
0.077792
0.075797
0.071808
0.072805
0.075798
0.075797
0.074800
0.077792
0.073802
0.075798
0.074800
0.077791
0.078790
0.079787
0.073802
0.073803
0.074800
0.074800
0.071808
0.070811
0.072806
0.071808
0.074800
0.076795
0.077793
0.076794
0.075798
0.072803
0.074800
0.074800
0.077791
0.075797
0.072805
0.073804
0.075798
0.072805
0.074800
0.073803
0.074799
0.074800
0.077791
0.074800
0.076795
0.077794
0.077791
0.077792
0.075798
0.075797
0.076795
0.078789
0.075798
0.077792
0.078789
0.077792
0.076795
0.074800
0.075798
0.078790
0.077791
0.080784
0.080785
0.072805
0.074800
0.073803
0.073803
0.074800
0.075797
0.070811
0.073802
0.075798
0.071808
0.071808
0.072805
0.075797
0.074800
0.075797
0.074800
0.078789
0.076795
0.076794
0.074800
0.076794
0.076795
0.076795
0.074799
0.075797
0.075797
0.073803
0.074800
0.072806
0.073802
0.071808
0.074800
0.073802
0.075797
0.071808
0.073802
0.077792
0.075798
0.078790
0.074800
0.074800
0.072805
0.075798
0.073802
0.077792
0.074800
0.075798
0.077792
0.078790
0.077792
0.077792
0.075797
0.076795
0.074800
0.073802
0.074800
0.076794
0.075797
0.077792
0.076795
0.078789
0.079787
0.075797
0.077792
0.076794
0.079786
0.078789
0.078789
0.077792
0.080784
0.079786
0.076795
0.078788
0.079787
0.077792
0.079787
0.079787
0.077791
0.077792
0.076796
0.078789
0.080784
0.076795
0.079787
0.077792
0.076795
0.078789
0.074800
0.072805
0.073806
0.074800
0.074800
0.070810
0.073802
0.072805
0.071808
0.072805
0.069813
0.071808
0.072806
0.071808
0.071808
0.072806
0.070810
0.070811
0.070811
0.071805
0.074799
0.074800
0.073803
0.074800
0.074801
0.073802
0.073803
0.075797
0.072805
0.074800
0.075797
0.075798
0.074801
0.073803
0.073803
0.075797
0.072805
0.072805
0.072805
0.073803
0.070811
0.068816
0.070811
0.070811
0.070810
0.070811
0.069813
0.072805
0.070811
0.069813
0.070811
0.073802
0.072805
0.072805
0.074800
0.075797
0.073803
0.078789
0.079787
0.076795
0.075797
0.074800
0.075797
0.073803
0.074800
0.073803
0.075797
0.075795
0.076795
0.075797
0.074800
0.074800
0.078790
0.079785
0.077791
0.071887
0.080585
0.077791
0.079786
0.074800
0.075798
0.074646
0.074800
0.074800
0.077792
0.074800
0.075797
0.078788
0.080784
0.078789
0.080784
0.078789
0.078790
0.076794
0.075797
0.075798
0.079788
0.075798
0.076795
0.073803
0.076794
0.077792
0.076795
0.076795
0.074800
0.074800
0.072805
0.078789
0.078790
0.078789
0.076794
0.074800
0.074800
0.073802
0.076794
0.076795
0.072805
0.075797
0.075797
0.074801
0.074800
0.074800
0.074800
0.075797
0.074800
0.076795
0.074799
0.078789
0.080784
0.075798
0.074800
0.076795
0.075797
0.075798
0.074800
0.073803
0.075797
0.075797
0.072805
0.075797
0.074800
0.074800
0.077792
0.076795
0.080784
0.078789
0.077792
0.076795
0.075797
0.074800
0.071808
0.071808
0.070811
0.071808
0.071808
0.071808
0.069813
0.072805
0.072806
0.074800
0.073803
0.071807
0.073805
0.071808
0.074800
0.072805
0.072805
0.072805
0.071808
0.070811
0.072806
0.075797
0.071808
0.073802
0.071808
0.071808
0.071808
0.068816
0.070810
0.070811
0.070811
0.069813
0.070811
0.073802
0.072805
0.072805
0.070811
0.072805
0.072805
0.072805
0.073802
0.070811
0.071808
0.072804
0.073803
0.073803
0.072805
0.072806
0.074800
0.071810
0.074800
0.072805
0.074800
0.076795
0.071808
0.073802
0.074800
0.073802
0.075798
0.075797
0.073802
0.074800
0.073803
0.074800
0.072806
0.073802
0.075797
0.071808
0.071808
0.073803
0.075797
0.077792
0.075797
0.074800
0.075797
0.073803
0.075798
0.079787
0.080800
0.078789
0.077792
0.075797
0.074800
0.077792
0.074800
0.077792
0.074800
0.086768
0.087766
0.083776
0.080784
0.078789
0.080784
0.080784
0.080784
0.077792
0.077791
0.081781
0.082779
0.082778
0.084774
0.080784
0.081782
0.080784
0.079787
0.080784
0.077792
0.077792
0.078789
0.078789
0.080784
0.077792
0.076795
0.075798
0.078789
0.076795
0.076795
0.079786
0.079786
0.079787
0.078790
0.077792
0.079787
0.080784
0.078789
0.075797
0.077793
0.075797
0.077792
0.077794
0.078789
0.077792
0.076795
0.077792
0.077792
0.078789
0.077792
0.077792
0.076795
0.078789
0.076795
0.076795
0.076794
0.081782
0.080783
0.076794
0.076794
0.080785
0.080784
0.075797
0.078789
0.075798
0.081781
0.089761
0.086767
0.077792
0.081782
0.073803
0.074800
0.075798
0.074801
0.075798
0.073802
0.074800
0.079786
0.077792
0.073803
0.074799
0.073802
0.074800
0.075798
0.072805
0.073803
0.074801
0.073803
0.071809
0.074800
0.074800
0.075798
0.079787
0.077791
0.080784
0.077792
0.076795
0.078789
0.077792
0.080784
0.079782
0.077792
0.082779
0.076795
0.076795
0.077792
0.077790
0.076795
0.077792
0.076795
0.078789
0.077790
0.080784
0.079787
0.077792
0.079787
0.077793
0.093750
0.078783
0.077790
0.080784
0.077792
0.076795
0.077792
0.076792
0.076795
0.075798
0.075798
0.076793
0.071809
0.075798
0.074800
0.072805
0.071808
0.071809
0.073803
0.073803
0.074800
0.072805
0.075798
0.070810
0.073803
0.071808
0.071809
0.073802
0.071808
0.070810
0.074801
0.073803
0.071809
0.070811
0.071809
0.070811
0.071808
0.072805
0.071808
0.070811
0.071808
0.069813
0.069813
0.070810
0.072805
0.073803
0.072806
0.071809
0.070811
0.072805
0.068816
0.065824
0.065823
0.068816
0.066821
0.067819
0.066822
0.065824
0.066821
0.067819
0.065824
0.064827
0.065824
0.066822
0.065824
0.064827
0.065824
0.066822
0.065825
0.065824
0.066821
0.065824
0.066822
0.066821
0.066821
0.068816
0.068816
0.067818
0.066821
0.065824
0.067819
0.066821
0.065824
0.066821
0.067818
0.065824
0.065824
0.066821
0.068816
0.069813
0.068816
0.067819
0.068816
0.069813
0.067821
0.070810
0.068816
0.070810
0.073802
0.068816
0.069813
0.071808
0.073803
0.072805
0.076795
0.076796
0.071808
0.072805
0.073802
0.074800
0.071808
0.075797
0.078789
0.080784
0.076794
0.077792
0.078789
0.078788
0.076795
0.073803
0.069813
0.067819
0.066821
0.068816
0.065824
0.073802
0.077792
0.074800
0.074800
0.073802
0.072805
0.071808
0.073802
0.071808
0.073800
0.073803
0.072805
0.074800
0.072805
0.076795
0.074800
0.074800
0.071810
0.069813
0.069813
0.067819
0.071808
0.068816
0.064826
0.067818
0.066821
0.064826
0.065824
0.066822
0.067819
0.068816
0.069814
0.070811
0.068816
0.076794
0.067818
0.064827
0.069814
0.068815
0.066822
0.070810
0.071808
0.074800
0.078789
0.078789
0.079787
0.082779
0.077792
0.070811
0.069813
0.068816
0.068816
0.069813
0.066822
0.068816
0.068816
0.068816
0.069813
0.072805
0.072806
0.072805
0.076794
0.073804
0.075797
0.074800
0.073803
0.074800
0.075798
0.071808
0.073803
0.075798
0.073802
0.074800
0.073803
0.072805
0.073802
0.073803
0.071808
0.070810
0.073802
0.069813
0.074800
0.073803
0.071808
0.071808
0.074800
0.072805
0.073802
0.071808
0.072805
0.074800
0.072806
0.073804
0.074800
0.074800
0.074800
0.074800
0.073803
0.074800
0.075798
0.074800
0.077791
0.074800
0.077792
0.074800
0.075797
0.075798
0.080784
0.077792
0.077792
0.074800
0.076795
0.078789
0.076795
0.076795
0.074800
0.073803
0.072805
0.073802
0.075797
0.074801
0.075798
0.076795
0.075797
0.083776
0.074800
0.077792
0.073803
0.075798
0.073802
0.072807
0.076794
0.075798
0.074800
0.078789
0.076788
0.076795
0.077791
0.075797
0.077791
0.078790
0.078790
0.075797
0.080785
0.078788
0.077792
0.078789
0.076795
0.078790
0.077792
0.077792
0.075797
0.076796
0.076795
0.075797
0.076795
0.075797
0.075798
0.077792
0.072805
0.074800
0.074799
0.077792
0.074800
0.073804
