F:\datasets\door_stair/result/Faster_Inception-stair-1\
=========  F:\datasets\door_stair/result/Faster_Inception-stair-1\   ===========
Chart path :  F:\datasets\door_stair/result/Faster_Inception-stair-1\_chart
class -> F:\datasets\door_stair/result/Faster_Inception-stair-1\ascending_stair.txt
PRECISION ascending_stair 0.743801652892562 0.11999999999999998
RECALL ascending_stair 0.7784431137724551 0.0
F ascending_stair 0.7223880597014927 0.03
Simple Recall 1.0 0.6200000000000003
Simple Precision 1.0 0.0
class -> F:\datasets\door_stair/result/Faster_Inception-stair-1\descending_stair.txt
PRECISION descending_stair 0 0
RECALL descending_stair 0 0
F descending_stair -1.0 0
Simple Recall 0 0
Simple Precision 0 0

---- mAPs of   ---
ascending_stair 0.5728819182151389
descending_stair 0.0
mAP: 0.28644095910756945



Prediction Speed 
Count => 370 
Sum => 26.834093 
Average => 0.072525 
variance => 0.000013 
stdev => 0.003564 
FPS => 13.8 


0.076795
0.074800
0.073803
0.075797
0.073803
0.074800
0.075798
0.076794
0.074800
0.073803
0.073802
0.073802
0.081781
0.074800
0.071808
0.073803
0.073803
0.073803
0.073803
0.071808
0.076795
0.072805
0.071807
0.073803
0.074799
0.072805
0.073803
0.073803
0.072806
0.073802
0.071808
0.074800
0.074800
0.072805
0.072806
0.071808
0.071808
0.072806
0.072806
0.072805
0.073802
0.075797
0.073803
0.073802
0.074800
0.074800
0.071808
0.071808
0.071808
0.073803
0.071808
0.073803
0.072805
0.071807
0.071808
0.071807
0.074800
0.073803
0.072805
0.071807
0.075797
0.074801
0.073802
0.074800
0.077796
0.075797
0.075797
0.074801
0.074800
0.075797
0.074801
0.074800
0.074800
0.073803
0.073802
0.075798
0.073802
0.074800
0.073803
0.074800
0.072805
0.070810
0.071810
0.073803
0.070810
0.074800
0.073803
0.071808
0.071808
0.072805
0.075797
0.071808
0.074800
0.071808
0.072806
0.069813
0.068816
0.067818
0.069813
0.067819
0.069814
0.067819
0.069813
0.069813
0.071808
0.070811
0.069813
0.069814
0.072806
0.072806
0.069813
0.069813
0.069813
0.070811
0.071808
0.067818
0.070812
0.071808
0.070811
0.068816
0.070811
0.071809
0.070811
0.070810
0.069813
0.070811
0.072806
0.070810
0.069813
0.070810
0.071809
0.069813
0.071808
0.069813
0.070812
0.067819
0.069813
0.071808
0.071808
0.070811
0.072806
0.072806
0.072806
0.071809
0.073803
0.074800
0.072805
0.070811
0.070810
0.072806
0.070811
0.070811
0.069813
0.069814
0.071808
0.069813
0.070810
0.070811
0.072805
0.069813
0.071808
0.075798
0.076796
0.072805
0.071809
0.074800
0.072805
0.073803
0.074800
0.075797
0.074800
0.074800
0.075798
0.074800
0.073803
0.073803
0.074800
0.074800
0.073803
0.071808
0.072805
0.073802
0.072806
0.072805
0.070811
0.070811
0.071808
0.068816
0.070810
0.073802
0.073803
0.072806
0.070811
0.070811
0.070811
0.071808
0.069813
0.070811
0.070811
0.070811
0.068816
0.071808
0.071808
0.067818
0.070811
0.071808
0.073803
0.072805
0.072805
0.071807
0.072805
0.073802
0.075797
0.072805
0.070811
0.072805
0.070811
0.070811
0.069815
0.069813
0.067819
0.067819
0.067819
0.067818
0.066822
0.066821
0.068817
0.069813
0.067818
0.066821
0.065824
0.067819
0.066821
0.066822
0.070811
0.068816
0.070811
0.070811
0.069813
0.069813
0.070811
0.070810
0.073803
0.073802
0.073802
0.071807
0.073802
0.071808
0.073803
0.070811
0.072805
0.072806
0.073803
0.072805
0.075797
0.074800
0.072806
0.073802
0.073802
0.073802
0.073802
0.073803
0.073803
0.072806
0.072805
0.071808
0.071808
0.070811
0.067818
0.069814
0.068816
0.071808
0.071808
0.066821
0.068816
0.067819
0.070810
0.071808
0.072805
0.071808
0.073802
0.073803
0.071808
0.072806
0.071808
0.070810
0.073803
0.072805
0.075797
0.073803
0.074800
0.074800
0.075797
0.074800
0.078790
0.078790
0.083776
0.077794
0.077791
0.087765
0.085771
0.083776
0.082778
0.081840
0.075797
0.078789
0.081782
0.081780
0.080784
0.078790
0.076795
0.076795
0.076795
0.075797
0.077792
0.077791
0.075798
0.078789
0.076794
0.074800
0.076794
0.074800
0.076794
0.076795
0.074800
0.073804
0.074798
0.072805
0.072805
0.074800
0.072806
0.070811
0.071808
0.073802
0.075798
0.078789
0.073802
0.070810
0.074801
0.072805
0.071808
0.069813
0.069813
0.069813
0.069813
0.069813
0.068816
0.067818
0.067819
0.068816
0.071808
0.068817
0.068734
0.067819
0.067819
0.059924
0.070993
0.077512
0.052640
0.066321
0.064702
0.069600
0.057858
0.075956
0.066546
0.059704
0.077062
0.065730
0.067819
0.066821
