F:\datasets\door_stair/resultVideos/Faster_Inception-stair-3\
=========  F:\datasets\door_stair/resultVideos/Faster_Inception-stair-3\   ===========
Chart path :  F:\datasets\door_stair/resultVideos/Faster_Inception-stair-3\_chart
class -> F:\datasets\door_stair/resultVideos/Faster_Inception-stair-3\ascending_stair.txt
PRECISION ascending_stair 0 0
RECALL ascending_stair 0 0
F ascending_stair -1.0 0
Simple Recall 0 0
Simple Precision 0 0
class -> F:\datasets\door_stair/resultVideos/Faster_Inception-stair-3\descending_stair.txt
PRECISION descending_stair 0.875 0.8400000000000005
RECALL descending_stair 0.5714285714285714 0.0
F descending_stair 0.5882352941176471 0.05
Simple Recall 1.0 0.04
Simple Precision 1.0 0.0

---- mAPs of   ---
ascending_stair 0.0
descending_stair 0.4512255989352262
mAP: 0.2256127994676131



Prediction Speed 
Count => 384 
Sum => 29.733771 
Average => 0.077432 
variance => 0.000015 
stdev => 0.003818 
FPS => 12.9 


0.079787
0.080784
0.079787
0.080784
0.078789
0.079787
0.080784
0.078789
0.078790
0.079787
0.080784
0.079787
0.077792
0.079787
0.080783
0.077792
0.080784
0.077792
0.079787
0.080784
0.083776
0.081781
0.082778
0.082779
0.082779
0.079787
0.084773
0.083776
0.080784
0.066542
0.078106
0.078106
0.098817
0.080784
0.083776
0.083776
0.083776
0.083776
0.085771
0.081782
0.082778
0.083776
0.082778
0.083776
0.083775
0.081782
0.080784
0.079787
0.079787
0.081781
0.078789
0.082779
0.081781
0.079787
0.080784
0.081781
0.081781
0.081781
0.080784
0.077792
0.079787
0.083776
0.082778
0.077792
0.077792
0.076794
0.075797
0.076795
0.076795
0.077792
0.076795
0.076796
0.075797
0.075797
0.076794
0.075798
0.076795
0.078789
0.078789
0.075797
0.078789
0.079786
0.077792
0.075797
0.075798
0.073803
0.072805
0.076794
0.073803
0.073802
0.073803
0.076794
0.073802
0.076795
0.074800
0.075798
0.076794
0.075797
0.075797
0.078789
0.078789
0.076795
0.077792
0.078789
0.076795
0.077792
0.078789
0.079787
0.080784
0.078789
0.080784
0.081781
0.078789
0.081781
0.080784
0.079787
0.079787
0.079787
0.082779
0.078790
0.080784
0.082779
0.080784
0.079787
0.080784
0.080784
0.079786
0.080785
0.078789
0.078789
0.077792
0.080785
0.077792
0.079787
0.077792
0.076794
0.079787
0.077792
0.077792
0.077792
0.076795
0.076795
0.077792
0.075798
0.076795
0.075798
0.076794
0.078789
0.077792
0.078789
0.079787
0.077792
0.078789
0.078790
0.077792
0.075799
0.075797
0.078789
0.078789
0.075797
0.076795
0.076795
0.077792
0.075797
0.076795
0.075797
0.077792
0.076794
0.074800
0.075797
0.075797
0.074800
0.072806
0.076795
0.074800
0.073803
0.074800
0.073802
0.076795
0.075798
0.072805
0.073803
0.074800
0.074800
0.073802
0.073802
0.071808
0.075797
0.073802
0.074800
0.074800
0.072805
0.072805
0.072805
0.073804
0.071808
0.073802
0.072805
0.074800
0.074800
0.073802
0.073803
0.073803
0.071808
0.071808
0.073803
0.075798
0.073803
0.071808
0.074800
0.072805
0.071808
0.072805
0.070811
0.070811
0.069813
0.068816
0.069814
0.069813
0.070810
0.069813
0.069813
0.074800
0.066437
0.078106
0.078106
0.078106
0.062485
0.062485
0.062485
0.062485
0.078107
0.080430
0.072806
0.078106
0.078106
0.062484
0.078106
0.078106
0.078106
0.078106
0.078106
0.078106
0.076795
0.078789
0.075797
0.079787
0.079787
0.078789
0.078789
0.081781
0.079787
0.078789
0.081782
0.077792
0.079787
0.079787
0.078789
0.078789
0.079787
0.076795
0.074800
0.074800
0.075797
0.076795
0.076795
0.075797
0.074800
0.078789
0.080784
0.075798
0.078789
0.078789
0.079787
0.076795
0.077792
0.076794
0.076795
0.078789
0.079787
0.076794
0.077792
0.078790
0.077792
0.077792
0.077792
0.078790
0.077792
0.077792
0.078789
0.078789
0.076794
0.076795
0.075797
0.076794
0.076795
0.077792
0.076795
0.075798
0.078790
0.078789
0.079787
0.078789
0.078790
0.079787
0.080784
0.077792
0.077792
0.079787
0.081781
0.076795
0.077792
0.078790
0.078789
0.076186
0.078106
0.078106
0.078106
0.078106
0.078107
0.078105
0.078106
0.078108
0.078106
0.078106
0.078106
0.078106
0.078107
0.078107
0.078106
0.078107
0.072616
0.077386
0.074800
0.077792
0.073803
0.076796
0.078790
0.078789
0.077792
0.076794
0.076795
0.078789
0.077792
0.075798
0.076795
0.078789
0.078789
0.078789
0.078790
0.078789
0.077792
0.079786
0.076795
0.077792
0.077792
0.076795
0.077792
0.075797
0.075797
0.075797
0.074800
0.064230
0.078107
0.078106
0.078106
0.078106
0.078106
0.078107
0.078106
0.062485
0.078107
0.089283
0.078106
0.078106
0.078107
0.078106
0.078107
0.078106
0.062485
0.078106
0.078106
0.077240
0.075798
