F:\datasets\door_stair/result/Faster_Inception-stair-3\
=========  F:\datasets\door_stair/result/Faster_Inception-stair-3\   ===========
Chart path :  F:\datasets\door_stair/result/Faster_Inception-stair-3\_chart
class -> F:\datasets\door_stair/result/Faster_Inception-stair-3\ascending_stair.txt
PRECISION ascending_stair 0 0
RECALL ascending_stair 0 0
F ascending_stair -1.0 0
Simple Recall 0 0
Simple Precision 0 0
class -> F:\datasets\door_stair/result/Faster_Inception-stair-3\descending_stair.txt
PRECISION descending_stair 0.875 0.8400000000000005
RECALL descending_stair 0.5714285714285714 0.0
F descending_stair 0.5882352941176471 0.05
Simple Recall 1.0 0.04
Simple Precision 1.0 0.0

---- mAPs of   ---
ascending_stair 0.0
descending_stair 0.4512255989352262
mAP: 0.2256127994676131



Prediction Speed 
Count => 384 
Sum => 29.137134 
Average => 0.075878 
variance => 0.000009 
stdev => 0.003038 
FPS => 13.2 


0.080784
0.080784
0.077792
0.079787
0.078789
0.079786
0.079786
0.077792
0.076794
0.076795
0.078790
0.077792
0.076795
0.077792
0.078789
0.075797
0.078789
0.078789
0.079787
0.076795
0.081782
0.080784
0.080784
0.081781
0.080784
0.079787
0.082779
0.081781
0.078789
0.079786
0.080784
0.081781
0.082778
0.079787
0.082779
0.082779
0.082778
0.082778
0.081781
0.078791
0.079787
0.081781
0.081782
0.080784
0.081781
0.079787
0.079787
0.077791
0.076795
0.079787
0.077792
0.077792
0.079787
0.077792
0.076796
0.079786
0.078789
0.079786
0.078789
0.076794
0.075797
0.078789
0.077792
0.075797
0.078789
0.075796
0.076795
0.075797
0.076795
0.076795
0.074800
0.075797
0.073802
0.073802
0.073802
0.074800
0.073803
0.074799
0.074799
0.072805
0.074800
0.073803
0.074800
0.074800
0.073803
0.071808
0.070811
0.075797
0.073802
0.071808
0.072806
0.071808
0.073802
0.074800
0.073803
0.073803
0.074800
0.073803
0.074800
0.077792
0.079787
0.075797
0.076795
0.079787
0.074800
0.077792
0.077792
0.076794
0.077792
0.077791
0.078789
0.079787
0.078789
0.077792
0.079787
0.078790
0.078789
0.078789
0.079786
0.078789
0.077792
0.081781
0.078790
0.079787
0.080784
0.079787
0.076794
0.079787
0.076795
0.076795
0.076795
0.078789
0.075797
0.076795
0.076794
0.074800
0.076794
0.076795
0.076795
0.076794
0.075797
0.074800
0.075797
0.074800
0.074800
0.074800
0.074800
0.076795
0.075797
0.077792
0.076794
0.077792
0.077791
0.077792
0.074800
0.073804
0.075797
0.079787
0.075798
0.073802
0.074800
0.075797
0.076792
0.074800
0.075797
0.072805
0.075797
0.075797
0.073802
0.074800
0.074800
0.072805
0.071808
0.074800
0.072805
0.072806
0.072806
0.071809
0.073803
0.075797
0.071808
0.071808
0.073803
0.073802
0.072805
0.071808
0.069813
0.073802
0.071808
0.071808
0.071808
0.071808
0.071808
0.071808
0.072805
0.070810
0.072805
0.071808
0.073802
0.071808
0.071808
0.072805
0.072805
0.070811
0.070811
0.070812
0.075798
0.073802
0.071808
0.073803
0.070810
0.074799
0.073802
0.068816
0.068816
0.071808
0.068815
0.067818
0.068816
0.068816
0.068816
0.067819
0.071808
0.070810
0.068816
0.070810
0.071808
0.068816
0.070811
0.071807
0.070810
0.069813
0.071808
0.071808
0.071808
0.074801
0.073802
0.074800
0.073802
0.073802
0.075797
0.073802
0.074799
0.075797
0.077792
0.074800
0.077792
0.078789
0.075797
0.076794
0.079787
0.078789
0.077792
0.079787
0.074800
0.077792
0.078790
0.076794
0.079786
0.076794
0.076794
0.073802
0.074800
0.073802
0.073803
0.074800
0.073803
0.072806
0.076794
0.077792
0.074800
0.076795
0.075798
0.078789
0.075797
0.075797
0.074799
0.075797
0.076795
0.076795
0.075797
0.076795
0.077792
0.075797
0.075797
0.074800
0.075797
0.076794
0.079787
0.076794
0.077792
0.075798
0.074800
0.074800
0.073802
0.075797
0.074800
0.075798
0.074800
0.077791
0.075797
0.077792
0.076795
0.076795
0.078789
0.078789
0.074799
0.076795
0.078789
0.079787
0.075797
0.075797
0.075797
0.076794
0.077728
0.076389
0.066640
0.082041
0.068994
0.078480
0.083383
0.075797
0.074800
0.075797
0.074800
0.074800
0.076795
0.074800
0.076795
0.076795
0.074800
0.073802
0.075797
0.074800
0.075797
0.072805
0.075798
0.077792
0.078789
0.076795
0.074800
0.075798
0.076795
0.075797
0.074800
0.075797
0.076794
0.076794
0.077792
0.076795
0.077792
0.075798
0.077792
0.074800
0.075797
0.076795
0.073803
0.075797
0.073803
0.073802
0.073802
0.073802
0.077792
0.074800
0.073802
0.073802
0.076795
0.075797
0.076794
0.073802
0.076795
0.077792
0.073802
0.075797
0.071808
0.073802
0.073802
0.073802
0.074800
0.074800
0.073802
0.074800
0.075797
0.074800
