F:\datasets\door_stair/resultVideos/Faster_Inception-stair-4\
=========  F:\datasets\door_stair/resultVideos/Faster_Inception-stair-4\   ===========
Chart path :  F:\datasets\door_stair/resultVideos/Faster_Inception-stair-4\_chart
class -> F:\datasets\door_stair/resultVideos/Faster_Inception-stair-4\ascending_stair.txt
PRECISION ascending_stair 0 0
RECALL ascending_stair 0 0
F ascending_stair -1.0 0
Simple Recall 1.0 0.0
Simple Precision 0.9548387096774194 0.0
class -> F:\datasets\door_stair/resultVideos/Faster_Inception-stair-4\descending_stair.txt
PRECISION descending_stair 0 0
RECALL descending_stair 0 0
F descending_stair -1.0 0
Simple Recall 0 0
Simple Precision 0 0

---- mAPs of   ---
ascending_stair 0.0
descending_stair 0.0
mAP: 0.0



Prediction Speed 
Count => 260 
Sum => 18.774672 
Average => 0.072210 
variance => 0.000020 
stdev => 0.004435 
FPS => 13.8 


0.073803
0.071807
0.070811
0.071808
0.071808
0.071808
0.073803
0.070811
0.073802
0.072805
0.072805
0.070811
0.070811
0.071808
0.067559
0.078106
0.062485
0.062485
0.064903
0.078106
0.075900
0.070811
0.072805
0.073802
0.071808
0.073802
0.071808
0.072805
0.070811
0.067818
0.069813
0.072805
0.068816
0.069813
0.071523
0.078107
0.078106
0.078106
0.062484
0.062484
0.062486
0.078269
0.070811
0.071808
0.069813
0.070811
0.068816
0.074800
0.070811
0.069813
0.069813
0.072805
0.068816
0.069813
0.071808
0.070811
0.071808
0.069813
0.067819
0.070811
0.071808
0.073803
0.072806
0.073802
0.071807
0.070811
0.070811
0.074800
0.073803
0.072806
0.071808
0.073803
0.072805
0.069813
0.070810
0.071808
0.070811
0.069813
0.071808
0.070811
0.072805
0.071808
0.072805
0.073803
0.071808
0.069814
0.068816
0.070810
0.073803
0.073803
0.072805
0.072805
0.071808
0.072921
0.071808
0.062485
0.070534
0.078106
0.078107
0.078107
0.070830
0.062557
0.062485
0.078106
0.072805
0.074800
0.074800
0.073802
0.072805
0.073803
0.059917
0.062485
0.062485
0.062485
0.080218
0.073802
0.073803
0.073802
0.071808
0.074800
0.074801
0.074801
0.071807
0.072806
0.071808
0.072807
0.073802
0.071808
0.072805
0.072805
0.072805
0.074800
0.073803
0.075797
0.074800
0.073803
0.070810
0.072805
0.070811
0.071808
0.068815
0.072805
0.073803
0.072805
0.070811
0.072805
0.070812
0.071808
0.073803
0.069813
0.071808
0.074800
0.073803
0.070811
0.073803
0.072742
0.072805
0.072805
0.068061
0.078106
0.062484
0.078107
0.078106
0.078106
0.062484
0.078107
0.072805
0.072805
0.060904
0.062485
0.062485
0.062485
0.062485
0.062485
0.062485
0.062485
0.079549
0.072805
0.072806
0.057523
0.078107
0.078107
0.078107
0.078106
0.078106
0.078106
0.062485
0.071807
0.071808
0.074800
0.073802
0.071808
0.071808
0.072805
0.070811
0.069813
0.071808
0.071808
0.071808
0.069813
0.071809
0.072805
0.076795
0.074800
0.074800
0.074800
0.072805
0.073803
0.077792
0.074800
0.076795
0.076794
0.073803
0.075797
0.075798
0.077791
0.076797
0.067913
0.075798
0.076795
0.077791
0.075797
0.077792
0.075797
0.076795
0.073802
0.075797
0.073802
0.072805
0.072805
0.074800
0.072805
0.073803
0.074800
0.072805
0.076794
0.079787
0.072806
0.072805
0.075798
0.073803
0.070810
0.072806
0.073802
0.068816
0.071808
0.076795
0.073802
0.069813
0.058769
0.078107
0.078106
0.078106
0.078106
0.062485
0.062485
0.078107
0.078107
0.084198
0.074800
