F:\datasets\door_stair/result/SSD_mobilenet-door-5\
=========  F:\datasets\door_stair/result/SSD_mobilenet-door-5\   ===========
Chart path :  F:\datasets\door_stair/result/SSD_mobilenet-door-5\_chart
class -> F:\datasets\door_stair/result/SSD_mobilenet-door-5\opened_door.txt
PRECISION opened_door 0.06351665375677769 0.15
RECALL opened_door 0.941747572815534 0.0
F opened_door 0.11764705882352941 0.15
Simple Recall 1.0 0.16
Simple Precision 0.07946498819826908 0.0
class -> F:\datasets\door_stair/result/SSD_mobilenet-door-5\closed_door.txt
PRECISION closed_door 0.5555555555555556 0.9000000000000006
RECALL closed_door 0.9724409448818898 0.0
F closed_door 0.4675324675324675 0.26000000000000006
Simple Recall 1.0 0.9000000000000006
Simple Precision 0.5555555555555556 0.0
class -> F:\datasets\door_stair/result/SSD_mobilenet-door-5\elevator_door.txt
PRECISION elevator_door 1.0 0.6700000000000004
RECALL elevator_door 0.9333333333333333 0.0
F elevator_door 0.7986577181208053 0.04
Simple Recall 1.0 0.6700000000000004
Simple Precision 1.0 0.0

---- mAPs of   ---
opened_door 0.05882228803223461
closed_door 0.3905423067678317
elevator_door 0.8190756053156345
mAP: 0.422813400038567



Prediction Speed 
Count => 1532 
Sum => 17.611352 
Average => 0.011496 
variance => 0.000003 
stdev => 0.001817 
FPS => 87.0 


0.010971
0.010971
0.011968
0.010971
0.011968
0.011968
0.010971
0.010971
0.011968
0.010971
0.011968
0.010971
0.011968
0.010971
0.011969
0.010971
0.011967
0.011968
0.010971
0.011968
0.011970
0.011969
0.011967
0.011969
0.010971
0.011968
0.010971
0.010971
0.011967
0.011969
0.011968
0.011969
0.012965
0.010971
0.010970
0.010971
0.011969
0.010970
0.010970
0.010971
0.011968
0.010971
0.010971
0.010971
0.010971
0.010971
0.010970
0.010971
0.010972
0.010971
0.010970
0.010971
0.010971
0.010970
0.010971
0.010971
0.010971
0.010972
0.010970
0.010971
0.011968
0.010970
0.011968
0.010971
0.010972
0.010971
0.010970
0.010971
0.011968
0.010971
0.010971
0.011968
0.010971
0.011969
0.011968
0.011967
0.011968
0.010971
0.010971
0.010972
0.010971
0.011968
0.011970
0.010971
0.010972
0.011968
0.011968
0.011968
0.010971
0.010971
0.011968
0.011971
0.011968
0.010970
0.010971
0.011968
0.010971
0.011968
0.010972
0.011969
0.010971
0.010971
0.010971
0.010971
0.010971
0.010971
0.010971
0.010971
0.010970
0.010971
0.010971
0.010971
0.010971
0.010970
0.011969
0.010971
0.011968
0.010972
0.010971
0.010970
0.010970
0.010970
0.011968
0.010971
0.010970
0.010971
0.010971
0.010971
0.010970
0.010971
0.010970
0.010971
0.010970
0.011968
0.010971
0.010970
0.010971
0.010971
0.010972
0.010971
0.011968
0.010972
0.011968
0.011970
0.011968
0.011968
0.011968
0.011968
0.011968
0.011969
0.010971
0.010970
0.011968
0.010971
0.011968
0.011969
0.010970
0.011968
0.011968
0.011968
0.010972
0.011969
0.010970
0.011968
0.010972
0.011968
0.010971
0.011968
0.010970
0.010971
0.010971
0.011968
0.011968
0.010971
0.010971
0.010970
0.011969
0.010971
0.010971
0.011968
0.010971
0.011968
0.010971
0.010971
0.010971
0.011968
0.010970
0.010971
0.010971
0.011968
0.010971
0.010972
0.011968
0.010971
0.010971
0.010970
0.011968
0.010971
0.010971
0.010970
0.010971
0.010971
0.011968
0.010971
0.010971
0.010971
0.010971
0.011968
0.010971
0.010971
0.011968
0.010971
0.010972
0.011968
0.010971
0.010971
0.010970
0.010971
0.010971
0.011968
0.010971
0.010971
0.010971
0.010971
0.010971
0.010970
0.009974
0.010971
0.011968
0.010971
0.010971
0.010971
0.010971
0.010971
0.010971
0.010971
0.010971
0.010971
0.010971
0.010970
0.010972
0.010970
0.010972
0.010971
0.010971
0.010971
0.011968
0.010972
0.010971
0.010971
0.011969
0.010971
0.010971
0.010971
0.010971
0.010971
0.010971
0.010971
0.010972
0.010970
0.010971
0.011968
0.010971
0.010972
0.010971
0.010970
0.010971
0.010971
0.010970
0.010971
0.010971
0.010971
0.011968
0.011969
0.010971
0.011961
0.011968
0.011968
0.011968
0.010972
0.010971
0.010971
0.011968
0.010971
0.012966
0.011971
0.011968
0.010972
0.011969
0.011969
0.011969
0.010971
0.010970
0.010966
0.010971
0.011968
0.011968
0.011969
0.010971
0.011969
0.011968
0.010971
0.010971
0.010971
0.010971
0.010971
0.010971
0.010973
0.010972
0.010971
0.011968
0.010971
0.010972
0.010971
0.010970
0.011968
0.010971
0.010971
0.010970
0.010971
0.010973
0.011968
0.010971
0.011968
0.010971
0.010971
0.010970
0.010971
0.010971
0.010970
0.010970
0.010971
0.010971
0.010971
0.010971
0.010971
0.010971
0.010970
0.010970
0.010971
0.010971
0.011968
0.010971
0.010971
0.010971
0.010972
0.010971
0.011969
0.010971
0.010971
0.010971
0.010971
0.010972
0.010971
0.010971
0.010971
0.010971
0.010971
0.010970
0.010971
0.010971
0.010971
0.010971
0.010971
0.010971
0.010971
0.010971
0.010971
0.010971
0.010971
0.010970
0.010972
0.010971
0.010971
0.011968
0.010971
0.011968
0.010971
0.010971
0.010971
0.010971
0.010971
0.011968
0.010971
0.010971
0.010971
0.010971
0.010971
0.010971
0.010971
0.010970
0.010971
0.010971
0.010971
0.011968
0.010972
0.011968
0.010971
0.011967
0.011968
0.011968
0.011968
0.010972
0.009973
0.010970
0.010970
0.011968
0.011968
0.011968
0.010971
0.010970
0.011968
0.011968
0.011968
0.010971
0.010970
0.011968
0.010971
0.010971
0.011968
0.010971
0.010971
0.011968
0.010971
0.011968
0.010971
0.010970
0.010971
0.010971
0.011968
0.010971
0.010971
0.010972
0.010971
0.010971
0.010971
0.011968
0.010971
0.011968
0.010971
0.011968
0.010970
0.011969
0.011967
0.012966
0.011970
0.010971
0.010970
0.011968
0.010971
0.010971
0.010971
0.011968
0.011968
0.011968
0.010971
0.010971
0.010970
0.011968
0.010971
0.011969
0.010971
0.010971
0.010965
0.010971
0.011968
0.011970
0.010971
0.010971
0.010971
0.010970
0.010970
0.011968
0.010971
0.010971
0.010971
0.010971
0.010970
0.010971
0.012967
0.010970
0.010971
0.010972
0.011969
0.011967
0.010971
0.011968
0.010971
0.014960
0.010971
0.011967
0.010970
0.010971
0.010970
0.011969
0.010971
0.010968
0.011968
0.011968
0.010971
0.010971
0.010970
0.010971
0.011968
0.011968
0.010971
0.010970
0.010970
0.010972
0.010970
0.010971
0.010971
0.010971
0.010971
0.010971
0.010970
0.010971
0.010971
0.010971
0.010970
0.010971
0.010971
0.010971
0.011968
0.011969
0.010971
0.009973
0.010971
0.010971
0.010971
0.010971
0.010971
0.010971
0.010971
0.011968
0.010972
0.010971
0.010971
0.011968
0.011968
0.010971
0.010971
0.010971
0.011968
0.010970
0.010971
0.011969
0.010971
0.010970
0.010971
0.010970
0.010971
0.010971
0.010970
0.010971
0.010971
0.011968
0.010971
0.010971
0.011968
0.010971
0.011968
0.010970
0.011968
0.010971
0.011968
0.011968
0.011968
0.010971
0.010971
0.013964
0.010970
0.010971
0.011968
0.010971
0.010971
0.011968
0.010971
0.010971
0.010971
0.010971
0.011968
0.010971
0.010971
0.010970
0.010971
0.011968
0.010971
0.011968
0.010970
0.010971
0.011968
0.010971
0.011968
0.010971
0.010971
0.010971
0.011968
0.011968
0.011967
0.011968
0.010971
0.011968
0.010971
0.011968
0.010971
0.010971
0.011968
0.010971
0.010971
0.010971
0.010971
0.010971
0.011970
0.014959
0.012965
0.011968
0.011968
0.012965
0.012966
0.011968
0.011968
0.011968
0.011968
0.012965
0.011968
0.012966
0.011968
0.011968
0.011968
0.013963
0.012965
0.011968
0.011968
0.012965
0.011968
0.012966
0.011968
0.011968
0.011968
0.011969
0.011967
0.011968
0.011968
0.011968
0.012966
0.012964
0.011968
0.011968
0.011969
0.011968
0.011968
0.011968
0.011968
0.012965
0.012965
0.012966
0.012965
0.014961
0.011968
0.011968
0.012965
0.011968
0.011967
0.011968
0.011968
0.011968
0.011968
0.012965
0.012966
0.011968
0.011967
0.012965
0.013963
0.012965
0.011968
0.012965
0.014962
0.010971
0.011968
0.010971
0.010970
0.010971
0.011968
0.010971
0.011968
0.010971
0.011968
0.010971
0.010971
0.010970
0.011969
0.010971
0.011968
0.012965
0.011968
0.010972
0.010970
0.011967
0.011968
0.010971
0.011970
0.011969
0.010970
0.011968
0.011968
0.011968
0.011968
0.010971
0.010971
0.011968
0.010971
0.011968
0.011968
0.010970
0.010970
0.011968
0.010971
0.010971
0.010971
0.010970
0.010972
0.010971
0.011968
0.010971
0.010971
0.010971
0.010971
0.010971
0.010971
0.011968
0.010970
0.010971
0.010971
0.010971
0.010971
0.011968
0.010971
0.010971
0.010970
0.010970
0.010971
0.010971
0.011969
0.010971
0.010970
0.010971
0.010971
0.011968
0.010971
0.011968
0.010971
0.010971
0.010970
0.010971
0.010971
0.011968
0.010971
0.010970
0.010970
0.010970
0.010972
0.010971
0.011968
0.010970
0.010970
0.011968
0.010971
0.010971
0.010971
0.010971
0.011968
0.010971
0.010971
0.010971
0.010971
0.011968
0.010971
0.010971
0.010971
0.010972
0.010971
0.011969
0.010970
0.011969
0.010971
0.010971
0.011968
0.010970
0.010971
0.010971
0.010970
0.011967
0.010971
0.010970
0.010971
0.010970
0.011968
0.010971
0.011968
0.010971
0.011970
0.010971
0.010971
0.011968
0.010971
0.010971
0.005538
0.019717
0.000000
0.018127
0.015624
0.015623
0.015620
0.000000
0.000000
0.015621
0.022126
0.000000
0.008032
0.015620
0.000000
0.000000
0.015621
0.015621
0.014005
0.015625
0.015621
0.000000
0.010969
0.010971
0.010971
0.010971
0.010971
0.009973
0.010970
0.010971
0.011968
0.010971
0.010972
0.010970
0.010971
0.010971
0.010973
0.010971
0.001516
0.015621
0.015621
0.008505
0.015625
0.015622
0.015620
0.015621
0.000000
0.015622
0.022125
0.000000
0.000000
0.015622
0.015621
0.015622
0.015621
0.015621
0.006505
0.015625
0.015621
0.000000
0.000000
0.015621
0.015621
0.015621
0.000000
0.015624
0.015625
0.015618
0.015621
0.000000
0.000000
0.006505
0.015624
0.015622
0.000000
0.000000
0.015621
0.015621
0.015621
0.000000
0.015625
0.015621
0.015621
0.015622
0.000000
0.000000
0.022126
0.015624
0.000000
0.000000
0.015622
0.015621
0.015621
0.015621
0.006505
0.015625
0.015621
0.016852
0.010971
0.010970
0.010971
0.010971
0.010970
0.010971
0.010971
0.010971
0.010971
0.010971
0.010971
0.010971
0.010971
0.010971
0.011968
0.010971
0.010972
0.010970
0.010971
0.010971
0.010971
0.010971
0.010971
0.011968
0.010971
0.011968
0.010971
0.010971
0.010971
0.011968
0.010971
0.010971
0.010971
0.010971
0.010971
0.010971
0.010971
0.010971
0.010971
0.011968
0.010970
0.011968
0.011968
0.010971
0.010971
0.010971
0.011968
0.011968
0.010972
0.011968
0.011968
0.010971
0.010970
0.011968
0.010971
0.010970
0.011968
0.011968
0.011968
0.011968
0.011968
0.011968
0.011968
0.011968
0.011968
0.011969
0.010971
0.010971
0.011968
0.011968
0.011968
0.011968
0.011968
0.011968
0.010970
0.010970
0.011969
0.011968
0.011968
0.010971
0.011968
0.011968
0.011968
0.011968
0.011969
0.011969
0.011968
0.011968
0.011968
0.011968
0.011970
0.010971
0.010959
0.011968
0.011968
0.010971
0.010970
0.011968
0.011967
0.011968
0.010971
0.011968
0.010971
0.011968
0.010969
0.011968
0.010971
0.011968
0.010971
0.010969
0.011968
0.011968
0.011968
0.011968
0.011968
0.010970
0.011968
0.010971
0.011969
0.011964
0.011969
0.010970
0.010970
0.011968
0.010971
0.010971
0.010970
0.011967
0.011968
0.010972
0.013963
0.013963
0.013040
0.012965
0.011970
0.012965
0.012965
0.012965
0.011968
0.010971
0.010971
0.011969
0.010972
0.010970
0.010971
0.010970
0.010971
0.010971
0.011968
0.010971
0.010971
0.011969
0.010971
0.011968
0.010971
0.010971
0.010971
0.010971
0.010971
0.010971
0.010971
0.011968
0.010971
0.011968
0.011968
0.010972
0.011968
0.011968
0.011967
0.011968
0.010971
0.011968
0.010970
0.011968
0.011967
0.011968
0.011968
0.010970
0.011968
0.010970
0.011968
0.010971
0.011968
0.010970
0.010971
0.010971
0.011968
0.010971
0.010971
0.010972
0.010970
0.011968
0.010970
0.010972
0.011969
0.011967
0.011968
0.011969
0.011968
0.010972
0.011968
0.010969
0.011968
0.010971
0.011968
0.010971
0.011968
0.010971
0.010971
0.011968
0.010971
0.010971
0.011968
0.011968
0.010971
0.011968
0.010972
0.010971
0.011968
0.010971
0.011968
0.010971
0.010971
0.010970
0.010971
0.010971
0.010971
0.010971
0.010971
0.011969
0.011968
0.010970
0.011969
0.011969
0.011968
0.011967
0.011969
0.011968
0.012965
0.011967
0.011969
0.010970
0.011961
0.011967
0.011968
0.011968
0.011968
0.011969
0.011968
0.011968
0.011968
0.011968
0.011968
0.011968
0.011968
0.011968
0.011968
0.010970
0.011968
0.011968
0.011968
0.011968
0.011968
0.011969
0.011968
0.011968
0.011968
0.011968
0.011968
0.010971
0.010971
0.010971
0.011968
0.011968
0.011969
0.010971
0.010970
0.011968
0.010971
0.010971
0.010970
0.010970
0.010970
0.011969
0.010971
0.011967
0.011968
0.011967
0.011969
0.011968
0.012966
0.011969
0.010971
0.011967
0.012964
0.010970
0.011968
0.011968
0.011968
0.011968
0.011966
0.011968
0.011968
0.011969
0.011968
0.011968
0.011959
0.011968
0.011968
0.010971
0.010971
0.011968
0.010970
0.010970
0.011968
0.010971
0.011968
0.010971
0.010972
0.011968
0.011968
0.010973
0.010970
0.011968
0.011968
0.010971
0.011968
0.010971
0.011968
0.011969
0.010971
0.010971
0.011968
0.010970
0.010970
0.010972
0.011968
0.011968
0.010971
0.011968
0.011968
0.010971
0.011968
0.011969
0.011968
0.010971
0.011968
0.011968
0.011969
0.011968
0.010971
0.010971
0.011968
0.011968
0.010972
0.010971
0.011968
0.011968
0.010971
0.010971
0.011968
0.011968
0.011968
0.012966
0.011968
0.011969
0.011968
0.011968
0.011969
0.011968
0.012965
0.011968
0.011968
0.010971
0.011969
0.011969
0.011968
0.010971
0.010971
0.010968
0.011968
0.011968
0.010971
0.010970
0.011969
0.011968
0.011968
0.010971
0.011968
0.011968
0.011968
0.010971
0.010970
0.010970
0.011968
0.011968
0.011968
0.011969
0.011968
0.011968
0.011968
0.011968
0.011968
0.010971
0.011968
0.010971
0.010971
0.010971
0.013963
0.011967
0.011968
0.012965
0.011968
0.011968
0.012965
0.011968
0.011968
0.011968
0.011969
0.011968
0.011968
0.011968
0.010971
0.011968
0.011968
0.011968
0.011968
0.010971
0.010970
0.010971
0.011968
0.011968
0.011968
0.011968
0.011968
0.011968
0.011969
0.010971
0.010970
0.011968
0.010971
0.011968
0.011968
0.010971
0.010970
0.010971
0.010971
0.011968
0.011968
0.011967
0.011968
0.010970
0.012966
0.011967
0.014961
0.012966
0.011968
0.011968
0.011968
0.011968
0.012966
0.011969
0.011969
0.011968
0.011968
0.011969
0.012965
0.011968
0.011968
0.010970
0.012965
0.010971
0.010970
0.011968
0.010971
0.010970
0.011968
0.010971
0.011968
0.010971
0.010971
0.011968
0.011968
0.011968
0.011968
0.010970
0.010970
0.011968
0.011968
0.011968
0.011968
0.010971
0.010970
0.011968
0.011968
0.010971
0.012966
0.013959
0.011967
0.013961
0.012965
0.013963
0.011967
0.012965
0.013961
0.012965
0.011968
0.012966
0.012966
0.012966
0.011970
0.012966
0.011968
0.011967
0.014960
0.011967
0.011967
0.011968
0.011968
0.011969
0.010971
0.011967
0.011968
0.011968
0.011970
0.012966
0.012965
0.013964
0.011968
0.010970
0.010970
0.011969
0.011968
0.011968
0.011968
0.011968
0.011968
0.011968
0.011968
0.011968
0.011968
0.010971
0.010971
0.011967
0.011968
0.011968
0.011968
0.011968
0.010971
0.011968
0.011968
0.011968
0.011968
0.011968
0.012965
0.011969
0.010971
0.011967
0.012965
0.011968
0.011968
0.012966
0.011969
0.012966
0.011968
0.011963
0.012964
0.011969
0.011968
0.011969
0.011968
0.012966
0.011968
0.011967
0.012965
0.011968
0.011968
0.011968
0.011969
0.010971
0.011967
0.011968
0.011970
0.011969
0.011968
0.013963
0.013962
0.013963
0.011968
0.011973
0.011968
0.010970
0.011968
0.011968
0.011968
0.011967
0.011969
0.012967
0.011968
0.011967
0.012966
0.011968
0.011968
0.012965
0.012965
0.011970
0.010970
0.011967
0.012966
0.011969
0.011968
0.011968
0.011968
0.011968
0.011970
0.011968
0.011968
0.010971
0.011968
0.011968
0.011968
0.011967
0.011968
0.011968
0.011968
0.011969
0.012965
