F:\datasets\door_stair/resultVideos/SSD_Inception-stair-2\
=========  F:\datasets\door_stair/resultVideos/SSD_Inception-stair-2\   ===========
Chart path :  F:\datasets\door_stair/resultVideos/SSD_Inception-stair-2\_chart
class -> F:\datasets\door_stair/resultVideos/SSD_Inception-stair-2\ascending_stair.txt
PRECISION ascending_stair 0 0
RECALL ascending_stair 0 0
F ascending_stair -1.0 0
Simple Recall 0 0
Simple Precision 0 0
class -> F:\datasets\door_stair/resultVideos/SSD_Inception-stair-2\descending_stair.txt
PRECISION descending_stair 1.0 0.08
RECALL descending_stair 0.7835051546391752 0.0
F descending_stair 0.4586466165413534 0.04
Simple Recall 1.0 0.08
Simple Precision 1.0 0.0

---- mAPs of   ---
ascending_stair 0.0
descending_stair 0.45809416370141426
mAP: 0.22904708185070713



Prediction Speed 
Count => 314 
Sum => 4.750587 
Average => 0.015129 
variance => 0.000000 
stdev => 0.000536 
FPS => 66.1 


0.015621
0.015621
0.015621
0.015621
0.015621
0.015621
0.015621
0.015621
0.015621
0.015622
0.015621
0.015621
0.015622
0.015621
0.015621
0.015621
0.015622
0.015621
0.015621
0.015622
0.015621
0.015621
0.015621
0.015622
0.015621
0.015621
0.014961
0.014960
0.014960
0.014960
0.014960
0.014961
0.014960
0.013962
0.013962
0.015958
0.014960
0.014960
0.014961
0.013963
0.014959
0.014960
0.014960
0.014960
0.014961
0.014960
0.014961
0.014961
0.014960
0.014960
0.014960
0.014960
0.014960
0.014960
0.014960
0.014960
0.014960
0.013963
0.013962
0.014960
0.014960
0.014960
0.014960
0.014960
0.014960
0.014960
0.014961
0.014960
0.014960
0.014960
0.014961
0.014960
0.014960
0.014960
0.014961
0.013962
0.014961
0.014960
0.014960
0.013962
0.013963
0.014960
0.014960
0.014961
0.014961
0.015958
0.015958
0.014961
0.014960
0.014961
0.014960
0.015957
0.014960
0.014960
0.014960
0.014960
0.014961
0.014961
0.014960
0.014960
0.013963
0.013963
0.013963
0.013963
0.014960
0.013963
0.014961
0.014960
0.015957
0.013963
0.014961
0.014960
0.014960
0.014960
0.014961
0.014960
0.014960
0.013963
0.013963
0.015957
0.014960
0.014960
0.014960
0.014960
0.014961
0.014960
0.014960
0.014960
0.013963
0.014960
0.014961
0.015957
0.014960
0.014960
0.015957
0.014960
0.015958
0.014960
0.015957
0.015957
0.014960
0.014960
0.015957
0.015958
0.015958
0.015958
0.015958
0.015957
0.014959
0.015957
0.015957
0.015957
0.015958
0.015956
0.015958
0.016954
0.015957
0.015958
0.015958
0.015958
0.015957
0.015958
0.015958
0.014960
0.015958
0.014960
0.015958
0.015958
0.015958
0.014961
0.015958
0.015957
0.015957
0.014961
0.015957
0.014961
0.015957
0.014960
0.015957
0.014960
0.014960
0.014960
0.014961
0.014960
0.014960
0.015958
0.013963
0.015957
0.014960
0.013962
0.014960
0.014960
0.014961
0.014960
0.015958
0.014960
0.014960
0.015957
0.014960
0.014960
0.014960
0.015958
0.014960
0.014960
0.014960
0.014960
0.013963
0.014960
0.014960
0.014960
0.014963
0.014962
0.015958
0.014960
0.014960
0.014960
0.014961
0.014960
0.014960
0.014960
0.014961
0.014960
0.014960
0.014960
0.014960
0.014960
0.014961
0.015958
0.014961
0.014960
0.014960
0.015957
0.014960
0.014960
0.014962
0.014960
0.013963
0.013962
0.014960
0.014960
0.014960
0.014961
0.014960
0.014960
0.014960
0.014959
0.015958
0.015958
0.016955
0.014960
0.014959
0.014961
0.014960
0.014961
0.014960
0.014960
0.014960
0.015957
0.014961
0.015958
0.014961
0.014960
0.014960
0.014960
0.014960
0.014960
0.014960
0.014960
0.014961
0.015958
0.014960
0.014960
0.014960
0.014961
0.014960
0.014960
0.014960
0.014961
0.014960
0.014960
0.015958
0.014960
0.014960
0.014960
0.014960
0.014960
0.014961
0.015958
0.014960
0.015958
0.014960
0.014960
0.014960
0.014960
0.013962
0.014961
0.014961
0.014960
0.014960
0.014960
0.014960
0.014960
0.014960
0.014962
0.014960
0.014960
0.014960
0.014960
0.014960
0.014960
0.014960
0.014960
0.013963
0.014961
