F:\datasets\door_stair/result/SSD_mobilenet-door-2\
=========  F:\datasets\door_stair/result/SSD_mobilenet-door-2\   ===========
Chart path :  F:\datasets\door_stair/result/SSD_mobilenet-door-2\_chart
class -> F:\datasets\door_stair/result/SSD_mobilenet-door-2\opened_door.txt
PRECISION opened_door 0.23880597014925373 0.2800000000000001
RECALL opened_door 0.85 0.0
F opened_door 0.217687074829932 0.2800000000000001
Simple Recall 1.0 0.2800000000000001
Simple Precision 0.2835820895522388 0.0
class -> F:\datasets\door_stair/result/SSD_mobilenet-door-2\closed_door.txt
PRECISION closed_door 0.1793103448275862 0.47000000000000025
RECALL closed_door 0.6944444444444444 0.0
F closed_door 0.2235294117647059 0.37000000000000016
Simple Recall 1.0 0.4400000000000002
Simple Precision 0.21052631578947367 0.0
class -> F:\datasets\door_stair/result/SSD_mobilenet-door-2\elevator_door.txt
PRECISION elevator_door 1.0 0.10999999999999999
RECALL elevator_door 0.6708860759493671 0.0
F elevator_door 0.7200000000000001 0.060000000000000005
Simple Recall 0.9240506329113924 0.10999999999999999
Simple Precision 1.0 0.0

---- mAPs of   ---
opened_door 0.11751903707451115
closed_door 0.0923806011596363
elevator_door 0.6170174508597955
mAP: 0.275639029697981



Prediction Speed 
Count => 1090 
Sum => 13.364853 
Average => 0.012261 
variance => 0.000003 
stdev => 0.001800 
FPS => 81.6 


0.014964
0.013963
0.013963
0.011968
0.013963
0.012965
0.014961
0.013963
0.012966
0.012965
0.013963
0.013962
0.012964
0.013963
0.013959
0.012964
0.013963
0.013963
0.015957
0.013963
0.014960
0.013963
0.014960
0.014959
0.014967
0.015957
0.014959
0.013963
0.012966
0.011967
0.013963
0.012965
0.012965
0.013959
0.013963
0.013963
0.012964
0.012965
0.012965
0.011966
0.012964
0.013963
0.013963
0.012965
0.011967
0.012965
0.012966
0.012965
0.012966
0.013963
0.011969
0.011968
0.013962
0.011968
0.011968
0.011968
0.011968
0.011970
0.011968
0.011968
0.011967
0.011968
0.012965
0.011968
0.011968
0.011968
0.012966
0.011968
0.011969
0.011968
0.012966
0.010971
0.011967
0.012967
0.012966
0.012967
0.013964
0.012965
0.013963
0.013965
0.011968
0.012966
0.012966
0.012965
0.011968
0.011969
0.011968
0.011968
0.011968
0.012965
0.011969
0.011968
0.012963
0.010970
0.011967
0.010971
0.011968
0.011968
0.012968
0.011968
0.011968
0.011968
0.012965
0.011967
0.011967
0.012967
0.013966
0.012965
0.011967
0.011968
0.010971
0.009971
0.011968
0.011968
0.011968
0.011968
0.010971
0.011970
0.013963
0.012962
0.012966
0.011968
0.012966
0.010969
0.010970
0.010971
0.010971
0.010971
0.010970
0.010971
0.010971
0.010972
0.012965
0.012965
0.010971
0.010970
0.010970
0.010970
0.010971
0.010971
0.010971
0.011969
0.013963
0.011968
0.013963
0.013964
0.013963
0.013962
0.013962
0.013963
0.011968
0.011968
0.011969
0.011968
0.011970
0.010971
0.011968
0.010971
0.011968
0.011968
0.012966
0.012965
0.011967
0.012965
0.011968
0.011974
0.011968
0.013963
0.010972
0.012965
0.010971
0.010970
0.012966
0.012966
0.011969
0.011968
0.011968
0.011967
0.011968
0.011968
0.010969
0.011968
0.011968
0.010970
0.012966
0.012965
0.012966
0.011969
0.012965
0.011968
0.011968
0.011968
0.011969
0.011969
0.011968
0.011968
0.011968
0.011968
0.011968
0.011968
0.011968
0.011968
0.011968
0.011969
0.011967
0.011968
0.011969
0.012965
0.011968
0.012965
0.012964
0.012964
0.013962
0.013963
0.013963
0.012967
0.012965
0.013967
0.012965
0.011969
0.011968
0.012966
0.011967
0.011968
0.012965
0.012965
0.012966
0.012964
0.012966
0.012965
0.011968
0.012966
0.012965
0.012966
0.011968
0.012965
0.012966
0.011968
0.012966
0.011967
0.012965
0.012964
0.012966
0.012965
0.012965
0.011968
0.011968
0.011967
0.012965
0.012965
0.011968
0.011968
0.011968
0.011968
0.011968
0.011967
0.011967
0.011970
0.013963
0.012965
0.011963
0.012965
0.012965
0.011968
0.011968
0.011967
0.011968
0.011968
0.012965
0.011968
0.011968
0.013962
0.011970
0.011967
0.011968
0.011968
0.011967
0.011968
0.011968
0.011968
0.011970
0.011969
0.011967
0.011968
0.012966
0.011968
0.011969
0.011968
0.012966
0.012965
0.011968
0.012966
0.016954
0.013954
0.013960
0.012965
0.012963
0.012966
0.012966
0.012965
0.012965
0.012965
0.013965
0.012965
0.012966
0.012966
0.013960
0.013963
0.012964
0.012965
0.011968
0.012965
0.012965
0.011968
0.012965
0.012965
0.012965
0.011968
0.011969
0.011969
0.011968
0.011968
0.011969
0.012965
0.011968
0.010970
0.012966
0.013963
0.012965
0.012965
0.011970
0.012965
0.013963
0.012966
0.013964
0.012965
0.012963
0.012965
0.013953
0.012965
0.011969
0.013963
0.012965
0.012965
0.013964
0.011968
0.011967
0.011964
0.012965
0.011968
0.012965
0.013963
0.012966
0.012967
0.012966
0.011962
0.011968
0.011968
0.012966
0.011968
0.012966
0.012965
0.010971
0.011969
0.011968
0.011967
0.011968
0.011968
0.011968
0.011967
0.011968
0.011968
0.011968
0.012966
0.011968
0.011968
0.011968
0.011969
0.012966
0.011968
0.011968
0.011968
0.011968
0.011968
0.012966
0.012966
0.011968
0.011967
0.011970
0.011969
0.011968
0.012966
0.011969
0.011968
0.011969
0.010970
0.010971
0.011968
0.011968
0.012966
0.011968
0.011968
0.012965
0.011969
0.012964
0.011968
0.011968
0.011969
0.011968
0.011968
0.012964
0.011968
0.012965
0.011968
0.011969
0.010971
0.011968
0.011968
0.011968
0.011968
0.010970
0.011968
0.011969
0.011969
0.011969
0.012965
0.011968
0.012966
0.011967
0.011967
0.012967
0.011969
0.010971
0.011967
0.011968
0.011968
0.012965
0.011968
0.011969
0.010970
0.010971
0.011968
0.011968
0.011969
0.011967
0.012966
0.013963
0.013963
0.011968
0.010970
0.011968
0.011968
0.011968
0.011969
0.011968
0.011968
0.011968
0.012965
0.012966
0.012966
0.011967
0.012965
0.011968
0.012966
0.012966
0.012965
0.012965
0.012965
0.011969
0.011969
0.011968
0.011968
0.011968
0.011968
0.012965
0.012966
0.012965
0.011968
0.014960
0.012966
0.012965
0.012966
0.012965
0.012966
0.012967
0.012965
0.011968
0.012965
0.012965
0.011969
0.011968
0.011968
0.011968
0.011968
0.012965
0.011968
0.011968
0.011968
0.011968
0.011968
0.012965
0.011968
0.011962
0.011968
0.011968
0.012966
0.011967
0.010970
0.011968
0.011968
0.012966
0.011968
0.011968
0.011969
0.012965
0.011969
0.012966
0.012965
0.012965
0.012965
0.013963
0.011968
0.011968
0.012967
0.013963
0.012965
0.011968
0.011968
0.011968
0.012966
0.011968
0.011967
0.011968
0.012967
0.011967
0.011969
0.011968
0.011968
0.012965
0.011967
0.011967
0.011967
0.012966
0.012966
0.012966
0.012965
0.013963
0.011969
0.011969
0.012965
0.011967
0.011967
0.012966
0.012965
0.011968
0.012966
0.012967
0.011969
0.011968
0.011968
0.011967
0.011969
0.011969
0.011968
0.011968
0.011968
0.011968
0.011968
0.011968
0.011968
0.011968
0.012966
0.012968
0.012966
0.011968
0.010971
0.010971
0.011968
0.011968
0.011969
0.011968
0.011968
0.011969
0.011968
0.011968
0.011969
0.011968
0.011967
0.011968
0.011968
0.011968
0.012966
0.012965
0.012965
0.011968
0.011968
0.011967
0.010971
0.011967
0.011968
0.011968
0.011968
0.011968
0.011968
0.012965
0.011967
0.012965
0.011968
0.011968
0.012965
0.011968
0.011968
0.011968
0.011968
0.013963
0.013963
0.012965
0.011968
0.012966
0.014960
0.012966
0.012965
0.013963
0.012965
0.012965
0.011968
0.011968
0.011968
0.011968
0.011969
0.012965
0.011968
0.011970
0.006084
0.020316
0.014961
0.013965
0.012966
0.012965
0.012970
0.012965
0.011968
0.013963
0.011968
0.011969
0.011969
0.012966
0.011969
0.010970
0.011968
0.011968
0.011968
0.011968
0.012966
0.011969
0.011968
0.013963
0.011966
0.011968
0.011969
0.012966
0.011969
0.011968
0.011967
0.011967
0.012965
0.011968
0.011969
0.011968
0.012966
0.011967
0.011968
0.011968
0.011968
0.012965
0.011965
0.000000
0.026695
0.011970
0.011968
0.011968
0.011968
0.009034
0.018210
0.012965
0.012965
0.011968
0.011968
0.011968
0.011968
0.011968
0.011968
0.011968
0.011968
0.011968
0.011968
0.011968
0.011968
0.012528
0.000000
0.015464
0.011968
0.011968
0.005180
0.015621
0.015621
0.015621
0.015621
0.000000
0.005006
0.015625
0.015621
0.015621
0.015621
0.011292
0.015621
0.007006
0.015624
0.015623
0.015620
0.015621
0.016571
0.002653
0.016126
0.015624
0.015621
0.015622
0.015621
0.000000
0.000000
0.006506
0.015625
0.015621
0.015621
0.000000
0.000000
0.000000
0.022125
0.015624
0.015622
0.015621
0.000000
0.000000
0.015621
0.022125
0.015625
0.017266
0.012965
0.000000
0.015622
0.015621
0.018125
0.015624
0.016854
0.011968
0.012965
0.012965
0.011967
0.011968
0.011968
0.011969
0.011968
0.011968
0.011969
0.012965
0.011968
0.011968
0.011968
0.011968
0.011968
0.011968
0.011968
0.011968
0.011968
0.012966
0.011968
0.011968
0.011968
0.011968
0.011967
0.011968
0.011969
0.011968
0.011968
0.010970
0.010971
0.011969
0.011968
0.010972
0.010971
0.013963
0.012966
0.011968
0.011969
0.011968
0.012966
0.011968
0.011968
0.011968
0.011968
0.011968
0.011968
0.011968
0.011968
0.011969
0.011968
0.011968
0.010970
0.011969
0.011968
0.011968
0.010971
0.011969
0.011968
0.011968
0.011968
0.011968
0.011968
0.011968
0.011968
0.011968
0.011969
0.011968
0.011968
0.011968
0.011969
0.011968
0.010970
0.010971
0.010970
0.011968
0.011968
0.011968
0.011968
0.011968
0.011968
0.011968
0.011968
0.011968
0.011968
0.011968
0.011968
0.011968
0.011968
0.011968
0.011968
0.011968
0.010970
0.011969
0.011968
0.011968
0.011968
0.011968
0.010971
0.011968
0.010971
0.011968
0.011968
0.011969
0.011968
0.011969
0.011968
0.011968
0.011968
0.011968
0.011968
0.011968
0.011968
0.011968
0.011968
0.010971
0.011969
0.011969
0.010971
0.010971
0.010970
0.011968
0.011968
0.011968
0.011968
0.011968
0.011968
0.010971
0.010969
0.011968
0.010971
0.011968
0.010970
0.010970
0.011969
0.011968
0.011968
0.011967
0.011968
0.012965
0.011968
0.011967
0.011968
0.011968
0.010971
0.012965
0.010970
0.012965
0.010970
0.011968
0.011968
0.012966
0.010971
0.011969
0.011968
0.011969
0.011968
0.011968
0.011968
0.011968
0.011968
0.011969
0.011968
0.011968
0.011969
0.011968
0.012966
0.011968
0.011969
0.011968
0.011968
0.011968
0.011968
0.011968
0.011969
0.011968
0.011968
0.011968
0.011968
0.011968
0.011968
0.010971
0.011968
0.011968
0.011968
0.011970
0.011969
0.011968
0.012965
0.010971
0.011968
0.011968
0.011968
0.011969
0.011968
0.011968
0.011968
0.011968
0.011968
0.011968
0.011968
0.011968
0.011968
0.010971
0.011968
0.011968
0.010971
0.010971
0.011969
0.011968
0.012966
0.011968
0.011969
0.011968
0.011969
0.011968
0.011968
0.011968
0.011968
0.011968
0.011968
0.011968
0.011968
0.011968
0.011968
0.010971
0.011968
0.012965
0.011968
0.011968
0.011968
0.011968
0.011968
0.011967
0.011969
0.011968
0.011968
0.011968
0.011968
0.011968
0.012965
0.011968
0.011968
0.011968
0.010971
0.011968
0.011969
0.011968
0.011968
0.011968
0.011968
0.011968
0.011968
0.011968
0.011970
0.011968
0.012966
0.011968
0.011968
0.010970
0.010970
0.011968
0.011968
0.011968
0.011968
0.011968
0.011968
0.011968
0.011968
0.011968
0.012965
0.010971
0.010970
0.011968
0.011969
0.011968
0.011968
0.011968
0.011968
0.011968
0.011968
0.012967
0.011967
0.011969
0.011969
0.010970
0.010970
0.011968
0.011968
0.011970
0.011968
0.011968
0.011968
0.011968
0.011968
0.012965
0.011969
0.011968
0.012966
0.011968
0.011968
0.011968
0.011968
0.011968
0.011969
0.011967
0.011968
0.011968
0.011968
0.012965
0.010971
0.011969
0.011968
0.011968
0.011969
0.011968
0.011968
0.011968
0.011968
0.011968
0.012965
0.011968
0.011968
0.011968
0.011967
0.011968
0.011968
0.010971
0.010971
0.011968
0.011967
0.011968
0.012966
0.010970
0.010970
