F:\datasets\door_stair/result/SSD_Inception-stair-3\
=========  F:\datasets\door_stair/result/SSD_Inception-stair-3\   ===========
Chart path :  F:\datasets\door_stair/result/SSD_Inception-stair-3\_chart
class -> F:\datasets\door_stair/result/SSD_Inception-stair-3\ascending_stair.txt
PRECISION ascending_stair 0.18947368421052632 0.38000000000000017
RECALL ascending_stair 0.9615384615384616 0.0
F ascending_stair 0.20809248554913298 0.38000000000000017
Simple Recall 1.0 0.45000000000000023
Simple Precision 0.4875 0.0
class -> F:\datasets\door_stair/result/SSD_Inception-stair-3\descending_stair.txt
PRECISION descending_stair 0.1001727115716753 0.0
RECALL descending_stair 0.5576923076923077 0.0
F descending_stair 0.1698389458272328 0.0
Simple Recall 1.0 0.02
Simple Precision 0.1906779661016949 0.0

---- mAPs of   ---
ascending_stair 0.11307374553916258
descending_stair 0.05586555068420354
mAP: 0.08446964811168306



Prediction Speed 
Count => 384 
Sum => 6.489978 
Average => 0.016901 
variance => 0.000001 
stdev => 0.000959 
FPS => 59.2 


0.015957
0.015958
0.015957
0.015957
0.015957
0.015957
0.015958
0.016956
0.015957
0.015957
0.014960
0.016955
0.015957
0.015958
0.016955
0.015957
0.015957
0.016955
0.015957
0.014960
0.015957
0.014960
0.015957
0.015957
0.014960
0.015957
0.015958
0.015958
0.015958
0.015958
0.015957
0.015957
0.015958
0.015958
0.014960
0.015957
0.015957
0.015957
0.015957
0.016955
0.015957
0.015957
0.015957
0.015957
0.015957
0.015957
0.016955
0.016954
0.015958
0.015958
0.015957
0.015958
0.016954
0.015958
0.015957
0.015957
0.015957
0.015957
0.015957
0.015958
0.015958
0.015957
0.016955
0.015957
0.015958
0.015957
0.015957
0.016955
0.016955
0.016955
0.016955
0.016955
0.016955
0.015957
0.015957
0.016955
0.016955
0.016955
0.016955
0.016955
0.016955
0.016954
0.016954
0.016954
0.017952
0.016955
0.017950
0.016954
0.015957
0.016954
0.016955
0.016954
0.015957
0.015957
0.016954
0.015957
0.016955
0.015957
0.015956
0.015957
0.016955
0.015957
0.015958
0.015958
0.015957
0.015958
0.015957
0.015958
0.014960
0.015957
0.016955
0.015957
0.015958
0.015957
0.015958
0.015957
0.015958
0.015958
0.015957
0.015957
0.014960
0.015958
0.015957
0.015957
0.015958
0.015957
0.015959
0.015957
0.015957
0.015957
0.016955
0.015957
0.015957
0.016955
0.015957
0.015958
0.015958
0.015957
0.015958
0.015957
0.015957
0.015956
0.015958
0.016954
0.015957
0.015957
0.016955
0.016955
0.015957
0.015958
0.015957
0.015958
0.015957
0.015958
0.015958
0.015958
0.014960
0.015958
0.015957
0.015958
0.014960
0.015957
0.015958
0.014960
0.015957
0.015957
0.015958
0.016955
0.016955
0.015958
0.015957
0.015957
0.015958
0.015958
0.015957
0.015957
0.015957
0.015958
0.015958
0.015957
0.015958
0.015958
0.014960
0.014960
0.016954
0.015957
0.015957
0.015958
0.016954
0.015957
0.016954
0.015957
0.015957
0.015958
0.015957
0.015957
0.015957
0.014960
0.016955
0.015958
0.015957
0.015957
0.017951
0.017952
0.017952
0.016955
0.017952
0.016955
0.017952
0.017952
0.018950
0.017952
0.017952
0.017952
0.017951
0.017952
0.017952
0.017952
0.017952
0.018950
0.017952
0.018949
0.017952
0.016955
0.017952
0.018949
0.017951
0.017952
0.017952
0.017952
0.017952
0.017952
0.016955
0.016954
0.017952
0.017952
0.017952
0.017952
0.017952
0.017953
0.017952
0.017952
0.017951
0.016955
0.016954
0.017952
0.016955
0.017952
0.017952
0.016955
0.016956
0.016955
0.016955
0.016954
0.016955
0.017952
0.017952
0.016955
0.016955
0.017952
0.017951
0.017951
0.016955
0.016955
0.017952
0.017951
0.017952
0.017952
0.017952
0.017952
0.017952
0.017952
0.016955
0.017952
0.018949
0.017952
0.017951
0.017952
0.017952
0.017952
0.017952
0.017952
0.017952
0.017952
0.016955
0.017951
0.016956
0.016955
0.017953
0.018950
0.017951
0.017952
0.017952
0.017953
0.017952
0.017952
0.017952
0.017953
0.017952
0.016955
0.017952
0.017952
0.017952
0.017952
0.017952
0.017952
0.017952
0.017952
0.017952
0.017952
0.016955
0.017952
0.017952
0.017952
0.016954
0.016955
0.017952
0.017952
0.017952
0.017952
0.017952
0.017952
0.017952
0.017952
0.016955
0.017952
0.016955
0.017952
0.017952
0.017952
0.017953
0.016954
0.016954
0.017952
0.017952
0.017952
0.017952
0.017953
0.017280
0.017952
0.017952
0.017952
0.017952
0.017952
0.017953
0.017952
0.017952
0.017952
0.016954
0.016955
0.017951
0.017952
0.016955
0.017952
0.016955
0.017952
0.017952
0.017952
0.017952
0.017952
0.016955
0.017951
0.016955
0.016954
0.017952
0.017952
0.017952
0.017952
0.017952
0.017951
0.017951
0.016955
0.017952
0.017951
0.016955
0.017952
0.017951
0.017952
0.017952
0.017952
0.016955
0.017952
0.017952
0.016954
