F:\datasets\door_stair/result/SSD_Inception-door-5\
=========  F:\datasets\door_stair/result/SSD_Inception-door-5\   ===========
Chart path :  F:\datasets\door_stair/result/SSD_Inception-door-5\_chart
class -> F:\datasets\door_stair/result/SSD_Inception-door-5\opened_door.txt
PRECISION opened_door 0.09174311926605505 0.8100000000000005
RECALL opened_door 0.9611650485436893 0.0
F opened_door 0.16433239962651727 0.6700000000000004
Simple Recall 1.0 0.6700000000000004
Simple Precision 0.09194214876033058 0.0
class -> F:\datasets\door_stair/result/SSD_Inception-door-5\closed_door.txt
PRECISION closed_door 0.45 0.9400000000000006
RECALL closed_door 0.8272727272727273 0.0
F closed_door 0.2700729927007299 0.19000000000000003
Simple Recall 1.0 0.9400000000000006
Simple Precision 0.45 0.0
class -> F:\datasets\door_stair/result/SSD_Inception-door-5\elevator_door.txt
PRECISION elevator_door 0.4117647058823529 0.2900000000000001
RECALL elevator_door 0.9801980198019802 0.0
F elevator_door 0.2618595825426945 0.02
Simple Recall 1.0 0.2900000000000001
Simple Precision 0.4117647058823529 0.0

---- mAPs of   ---
opened_door 0.0864268058550743
closed_door 0.17532494279200492
elevator_door 0.1688403349495512
mAP: 0.14353069453221015



Prediction Speed 
Count => 1532 
Sum => 22.658647 
Average => 0.014790 
variance => 0.000000 
stdev => 0.000549 
FPS => 67.6 


0.014961
0.015958
0.013963
0.014958
0.014960
0.014962
0.014961
0.014960
0.015957
0.014960
0.014960
0.014960
0.014960
0.015958
0.014960
0.015957
0.014960
0.014960
0.014959
0.015958
0.014960
0.014960
0.016955
0.016957
0.015956
0.015957
0.015958
0.015959
0.014959
0.014959
0.015957
0.015957
0.014960
0.014960
0.014960
0.014961
0.014960
0.014961
0.014960
0.014961
0.015958
0.014960
0.014960
0.014961
0.014960
0.014961
0.014960
0.014960
0.014960
0.013963
0.014960
0.014960
0.014960
0.014960
0.013963
0.013963
0.013963
0.013962
0.014960
0.013962
0.014961
0.015958
0.013963
0.014961
0.014960
0.014961
0.014961
0.014960
0.014960
0.013963
0.013963
0.014961
0.014960
0.013963
0.014960
0.013963
0.013963
0.014960
0.014960
0.014960
0.014960
0.014960
0.014960
0.014960
0.014960
0.014961
0.014961
0.014960
0.014960
0.014960
0.014959
0.014960
0.013963
0.015958
0.014960
0.014960
0.014960
0.015958
0.014960
0.014960
0.014960
0.014960
0.014958
0.014960
0.014960
0.014960
0.014960
0.014960
0.014960
0.014960
0.013963
0.013962
0.013964
0.014960
0.013963
0.014960
0.014959
0.014960
0.014960
0.014961
0.014960
0.014960
0.014960
0.014960
0.014960
0.014960
0.014960
0.014960
0.013963
0.014960
0.014960
0.014960
0.014960
0.014961
0.013963
0.014960
0.014960
0.014960
0.014960
0.014960
0.013962
0.014960
0.013963
0.014960
0.014960
0.014960
0.014961
0.014961
0.013962
0.014960
0.014960
0.014960
0.014960
0.014960
0.014960
0.016955
0.015958
0.015957
0.015958
0.014961
0.015959
0.014960
0.014959
0.015957
0.015957
0.014960
0.015958
0.015958
0.014960
0.014960
0.014960
0.014960
0.014960
0.014960
0.014960
0.014960
0.014960
0.015958
0.014960
0.014960
0.015957
0.015957
0.014960
0.014959
0.015957
0.014960
0.014959
0.014960
0.015957
0.015958
0.014960
0.014960
0.014960
0.014960
0.015958
0.015957
0.014960
0.014960
0.013963
0.014961
0.014960
0.014960
0.015957
0.014960
0.014960
0.014960
0.014961
0.014960
0.014960
0.014960
0.014960
0.014960
0.014960
0.014960
0.014961
0.014960
0.013963
0.015958
0.014960
0.014960
0.014960
0.015959
0.013962
0.014961
0.014960
0.016955
0.015957
0.015957
0.015957
0.015957
0.016955
0.014960
0.015956
0.016954
0.015957
0.015957
0.015958
0.014960
0.015957
0.016955
0.017951
0.016955
0.015956
0.015958
0.014959
0.015957
0.014960
0.014960
0.015958
0.014960
0.014960
0.014960
0.013963
0.015958
0.014960
0.014960
0.014960
0.014960
0.015956
0.014960
0.014961
0.014960
0.013963
0.014960
0.014960
0.013963
0.014960
0.014960
0.013962
0.014960
0.014960
0.014960
0.014960
0.014960
0.014960
0.013962
0.013963
0.013962
0.014960
0.014960
0.014961
0.014961
0.014960
0.014961
0.015958
0.014960
0.014960
0.014960
0.013963
0.014960
0.013962
0.014960
0.014960
0.014960
0.013963
0.013962
0.014959
0.013963
0.014961
0.014960
0.014960
0.014960
0.014960
0.014960
0.013963
0.014960
0.014960
0.014960
0.014960
0.014960
0.014960
0.016955
0.015958
0.015957
0.014960
0.013963
0.014960
0.014960
0.014960
0.014960
0.014960
0.014960
0.013963
0.014960
0.014960
0.013963
0.013963
0.015957
0.013963
0.014961
0.014961
0.014960
0.013963
0.014961
0.013963
0.014960
0.014960
0.014960
0.013963
0.014960
0.014960
0.014961
0.014961
0.014961
0.013963
0.013963
0.014960
0.013963
0.013962
0.014960
0.013964
0.014961
0.014960
0.014960
0.014960
0.014960
0.014960
0.014961
0.014961
0.013963
0.014960
0.014961
0.013963
0.014960
0.014962
0.014961
0.013963
0.014960
0.014960
0.014960
0.014961
0.013963
0.014960
0.013963
0.014961
0.014961
0.013963
0.014960
0.014960
0.014960
0.014960
0.014960
0.014960
0.015957
0.013963
0.015957
0.013962
0.014960
0.014960
0.014959
0.013963
0.014961
0.013962
0.014960
0.014960
0.013963
0.014961
0.014959
0.013962
0.013962
0.013962
0.013963
0.014960
0.014960
0.014960
0.014960
0.013963
0.015957
0.014960
0.014961
0.014960
0.014960
0.014960
0.014961
0.013963
0.014960
0.014961
0.014961
0.014960
0.014960
0.014961
0.013963
0.013963
0.014960
0.014960
0.013963
0.014960
0.013963
0.013963
0.014960
0.013963
0.013963
0.014960
0.014960
0.013963
0.014961
0.014960
0.013963
0.014960
0.014960
0.014962
0.014960
0.014960
0.014960
0.014960
0.014960
0.013963
0.013962
0.014960
0.014960
0.014961
0.013963
0.013963
0.013962
0.014961
0.013962
0.013962
0.014960
0.013963
0.015958
0.013963
0.014960
0.014960
0.014960
0.014961
0.016955
0.015958
0.015958
0.014960
0.015957
0.015957
0.015957
0.015957
0.014961
0.013963
0.013964
0.013963
0.014960
0.013963
0.014960
0.013962
0.014961
0.014960
0.014960
0.014960
0.014960
0.014961
0.013963
0.013962
0.014960
0.014960
0.014960
0.014960
0.014961
0.014960
0.015957
0.014960
0.014960
0.014960
0.014960
0.014960
0.014960
0.014961
0.014960
0.014960
0.014960
0.014960
0.014959
0.014960
0.014960
0.014960
0.014960
0.014959
0.013962
0.013963
0.014961
0.013963
0.013963
0.014960
0.014960
0.014960
0.014960
0.014961
0.014960
0.014960
0.014960
0.013962
0.014960
0.014960
0.014960
0.014960
0.014960
0.014960
0.013963
0.013963
0.014960
0.014961
0.014960
0.014960
0.014960
0.014960
0.014961
0.014960
0.014961
0.014960
0.014960
0.014960
0.014961
0.014961
0.014961
0.014960
0.013963
0.014961
0.014960
0.013963
0.013962
0.014960
0.014960
0.013963
0.013963
0.014960
0.014960
0.013963
0.013963
0.014960
0.014960
0.014960
0.013963
0.014960
0.014960
0.013963
0.014960
0.014960
0.013963
0.014960
0.014960
0.014960
0.014960
0.014960
0.014960
0.014960
0.014960
0.014960
0.014960
0.014960
0.014960
0.014960
0.014960
0.014960
0.014960
0.014960
0.014960
0.014960
0.014961
0.014960
0.014961
0.014961
0.014960
0.014960
0.014960
0.014960
0.014960
0.014960
0.014960
0.014960
0.014960
0.013963
0.013962
0.013962
0.013962
0.013963
0.014960
0.013963
0.014960
0.014960
0.013964
0.013962
0.014960
0.014960
0.013962
0.014960
0.014960
0.014961
0.014961
0.014960
0.014960
0.014960
0.014960
0.014960
0.014960
0.014961
0.014960
0.014961
0.014960
0.014960
0.014961
0.013963
0.013962
0.014960
0.014961
0.014960
0.014960
0.014960
0.014960
0.014960
0.014960
0.014960
0.014960
0.014960
0.014961
0.014960
0.014960
0.014960
0.014961
0.015958
0.014961
0.014960
0.014960
0.014960
0.013963
0.014960
0.014960
0.014960
0.014960
0.014961
0.014960
0.013963
0.013963
0.013962
0.013963
0.014960
0.014960
0.013963
0.013963
0.014960
0.013963
0.013963
0.014960
0.013963
0.013963
0.013963
0.013963
0.014960
0.014960
0.013963
0.014960
0.014960
0.014961
0.014960
0.013963
0.013963
0.014960
0.014960
0.014960
0.013963
0.013963
0.014961
0.014961
0.013963
0.014960
0.014961
0.013963
0.013962
0.014960
0.013963
0.013963
0.014960
0.013963
0.014960
0.015957
0.014961
0.014960
0.013963
0.014960
0.014961
0.014961
0.014960
0.013963
0.014960
0.014961
0.014960
0.014960
0.014960
0.013963
0.014960
0.014962
0.014960
0.014960
0.013963
0.014960
0.014961
0.013963
0.014961
0.013963
0.014960
0.014960
0.014960
0.014960
0.014960
0.014960
0.014960
0.014960
0.013963
0.014960
0.014960
0.014960
0.014961
0.014960
0.014960
0.014960
0.014960
0.014961
0.014961
0.014960
0.014960
0.014960
0.014960
0.014960
0.014961
0.014961
0.014960
0.014960
0.014960
0.014961
0.014960
0.014960
0.014960
0.014960
0.014960
0.014961
0.014960
0.014960
0.014960
0.014960
0.014960
0.014960
0.014960
0.014961
0.014960
0.014960
0.014961
0.014960
0.014960
0.014960
0.014960
0.014961
0.013962
0.014960
0.015957
0.014960
0.014960
0.014960
0.014961
0.014960
0.014962
0.014960
0.014960
0.013962
0.013963
0.013963
0.014960
0.014960
0.013962
0.014960
0.014960
0.014960
0.014960
0.014961
0.014960
0.015958
0.015957
0.014959
0.014960
0.014960
0.014960
0.013963
0.014960
0.014960
0.014960
0.014960
0.014960
0.014961
0.014960
0.014960
0.014960
0.013963
0.013962
0.014960
0.014960
0.014960
0.014961
0.014960
0.014960
0.014961
0.013963
0.013963
0.014960
0.014961
0.014961
0.015958
0.015958
0.015958
0.014960
0.014960
0.013963
0.013963
0.014961
0.014960
0.014960
0.014960
0.014960
0.013963
0.014960
0.013963
0.013962
0.014960
0.014961
0.013962
0.013963
0.014960
0.013963
0.014960
0.014960
0.014960
0.014960
0.013963
0.013963
0.014960
0.014960
0.014960
0.013963
0.014960
0.014960
0.013963
0.015958
0.014960
0.014961
0.014961
0.014960
0.014960
0.014960
0.013963
0.014960
0.014960
0.014960
0.014960
0.014961
0.014960
0.014960
0.014960
0.013963
0.013963
0.013963
0.014960
0.014960
0.013963
0.013963
0.013963
0.013962
0.014960
0.014961
0.014960
0.014960
0.014960
0.013963
0.014960
0.013963
0.013963
0.014960
0.014960
0.014960
0.014961
0.013963
0.014960
0.014960
0.014960
0.013962
0.014961
0.013963
0.014961
0.014960
0.014961
0.014960
0.014960
0.014959
0.013963
0.014960
0.014960
0.014960
0.014960
0.013963
0.013962
0.014962
0.014960
0.014960
0.013963
0.014961
0.014960
0.014960
0.014960
0.013963
0.014961
0.014960
0.014960
0.014960
0.014960
0.013962
0.014961
0.013962
0.013963
0.014960
0.014960
0.014960
0.014960
0.014960
0.014960
0.014960
0.014960
0.014960
0.014960
0.014960
0.014960
0.015957
0.015958
0.014960
0.014960
0.013963
0.014961
0.014960
0.014960
0.014960
0.014960
0.014960
0.014960
0.014960
0.014960
0.014960
0.014960
0.015958
0.015958
0.015958
0.014961
0.014960
0.014960
0.014960
0.015957
0.014960
0.014960
0.014960
0.014961
0.014960
0.013963
0.013962
0.014961
0.014960
0.013963
0.014961
0.014961
0.014960
0.014960
0.014960
0.014960
0.013963
0.014960
0.014960
0.014960
0.013963
0.014960
0.014960
0.014960
0.014960
0.014960
0.014960
0.014960
0.013963
0.013963
0.014960
0.014960
0.014960
0.014960
0.014960
0.014959
0.014959
0.015957
0.014960
0.014960
0.014960
0.013963
0.014960
0.014960
0.014960
0.014960
0.013963
0.013962
0.013963
0.014960
0.014960
0.013963
0.014960
0.014960
0.014961
0.014960
0.014960
0.014960
0.014960
0.014961
0.014960
0.015958
0.014960
0.015958
0.014960
0.014961
0.014960
0.014960
0.014960
0.014961
0.014960
0.014961
0.014960
0.014960
0.014960
0.014960
0.014960
0.014960
0.013964
0.014960
0.014960
0.014961
0.014960
0.013963
0.014960
0.013963
0.014961
0.014960
0.013963
0.013962
0.014960
0.014960
0.014961
0.013963
0.013964
0.013963
0.014960
0.014960
0.013963
0.014960
0.013963
0.013963
0.014960
0.014960
0.013963
0.014960
0.013963
0.013963
0.013962
0.015957
0.014960
0.014960
0.013963
0.014960
0.014960
0.014960
0.014961
0.014961
0.014960
0.013963
0.014960
0.014960
0.014960
0.014961
0.014960
0.014960
0.013963
0.014960
0.014961
0.014961
0.014960
0.014960
0.014960
0.014960
0.014960
0.014960
0.014961
0.013963
0.014960
0.014960
0.014960
0.014961
0.014960
0.014960
0.014960
0.013962
0.013963
0.013963
0.014960
0.013963
0.013963
0.013963
0.013962
0.014960
0.014960
0.014960
0.014961
0.014960
0.014960
0.014960
0.014960
0.014960
0.013963
0.014960
0.014961
0.014961
0.015957
0.014960
0.014961
0.014959
0.015957
0.014960
0.014960
0.014961
0.014961
0.015958
0.014960
0.014960
0.014960
0.014961
0.014960
0.014960
0.014961
0.014960
0.013963
0.014960
0.014961
0.014960
0.013963
0.013962
0.013963
0.013963
0.014960
0.014960
0.014960
0.014961
0.014960
0.013963
0.013963
0.014960
0.014960
0.014960
0.014960
0.014961
0.014961
0.013963
0.013962
0.014960
0.013963
0.014960
0.014960
0.013962
0.013963
0.013963
0.013964
0.014960
0.014961
0.014960
0.013963
0.013962
0.013963
0.014960
0.014960
0.014961
0.013963
0.014960
0.014960
0.014961
0.013963
0.014960
0.014960
0.013963
0.013963
0.013962
0.014960
0.014961
0.014961
0.014960
0.013964
0.014960
0.014960
0.014961
0.014961
0.014961
0.014960
0.014960
0.014960
0.014960
0.014960
0.014961
0.014960
0.014960
0.013963
0.014961
0.014960
0.014961
0.014961
0.014960
0.014960
0.013963
0.013963
0.014960
0.014960
0.013963
0.014960
0.014960
0.014960
0.014960
0.013963
0.014960
0.014960
0.014960
0.013963
0.013963
0.014960
0.013963
0.014961
0.014960
0.014960
0.014960
0.013963
0.014961
0.014961
0.014960
0.014960
0.014960
0.013963
0.014960
0.013963
0.013962
0.014960
0.013963
0.014960
0.013963
0.014960
0.013963
0.013963
0.013963
0.014960
0.014961
0.014960
0.013963
0.014960
0.014960
0.014960
0.013963
0.013962
0.014960
0.014961
0.014961
0.013963
0.013963
0.013963
0.014961
0.014960
0.014961
0.013963
0.014960
0.013963
0.013963
0.014960
0.014960
0.014960
0.014960
0.014960
0.014960
0.014960
0.014961
0.014960
0.014960
0.014960
0.014961
0.014960
0.015957
0.014960
0.013963
0.013963
0.014960
0.014960
0.014960
0.013963
0.013963
0.013963
0.014960
0.013963
0.014960
0.014960
0.013963
0.013963
0.014960
0.013963
0.014961
0.013963
0.013963
0.014961
0.014960
0.013963
0.014960
0.013963
0.013963
0.014960
0.013963
0.013963
0.014961
0.013964
0.014960
0.013963
0.014960
0.013963
0.013963
0.013963
0.014960
0.014960
0.013963
0.013963
0.013962
0.014961
0.014960
0.013963
0.014960
0.014960
0.014961
0.014960
0.015958
0.014960
0.014961
0.014960
0.013964
0.014960
0.014961
0.013963
0.013963
0.014960
0.014960
0.013963
0.013963
0.014960
0.014960
0.013963
0.013962
0.014960
0.014960
0.014960
0.013963
0.013963
0.014960
0.014960
0.014960
0.014960
0.013963
0.013963
0.014961
0.014960
0.013963
0.013963
0.014960
0.014960
0.014960
0.013963
0.013963
0.014960
0.014960
0.014960
0.013963
0.013962
0.014960
0.014960
0.013963
0.013962
0.013962
0.014960
0.014960
0.014960
0.013963
0.013962
0.014960
0.014960
0.013963
0.014960
0.014960
0.013963
0.013963
0.014960
0.014960
0.014960
0.014960
0.013962
0.013963
0.014960
0.013963
0.013964
0.013963
0.014960
0.014960
0.014960
0.014960
0.013963
0.013963
0.014960
0.013963
0.013963
0.014961
0.014961
0.014960
0.014960
0.014960
0.014960
0.014961
0.014961
0.014960
0.013963
0.013962
0.014961
0.013963
0.013962
0.014960
0.013963
0.013962
0.014960
0.014960
0.013963
0.013963
0.014960
0.014960
0.013963
0.013963
0.014960
0.013963
0.013963
0.014960
0.013963
0.013963
0.013962
0.013962
0.014960
0.014961
0.013963
0.013963
0.014960
0.014960
0.014961
0.014960
0.014960
0.013963
0.013963
0.014961
0.014960
0.014961
0.014961
0.014961
0.014960
0.014960
0.014961
0.014961
0.014960
0.014960
0.014961
0.014960
0.014961
0.014960
0.013963
0.013963
0.013963
0.013963
0.014960
0.014960
0.014961
0.014960
0.014960
0.014960
0.014960
0.014960
0.013963
0.014961
0.014961
0.014960
0.014960
0.014963
0.014960
0.013962
0.013963
0.014960
0.014960
0.014960
0.014960
0.014960
