F:\datasets\door_stair/result/SSD_mobilenet-stair-3\
=========  F:\datasets\door_stair/result/SSD_mobilenet-stair-3\   ===========
Chart path :  F:\datasets\door_stair/result/SSD_mobilenet-stair-3\_chart
class -> F:\datasets\door_stair/result/SSD_mobilenet-stair-3\ascending_stair.txt
PRECISION ascending_stair 0.07386363636363637 0.0
RECALL ascending_stair 0.4 0.0
F ascending_stair 0.12470023980815349 0.0
Simple Recall 1.0 0.0
Simple Precision 0.1846590909090909 0.0
class -> F:\datasets\door_stair/result/SSD_mobilenet-stair-3\descending_stair.txt
PRECISION descending_stair 0 0
RECALL descending_stair 0 0
F descending_stair -1.0 0
Simple Recall 1.0 0.0
Simple Precision 0.5 0.0

---- mAPs of   ---
ascending_stair 0.02954545454545455
descending_stair 0.0
mAP: 0.014772727272727274



Prediction Speed 
Count => 384 
Sum => 5.007601 
Average => 0.013041 
variance => 0.000003 
stdev => 0.001687 
FPS => 76.7 


0.011968
0.011969
0.011968
0.012965
0.011968
0.010970
0.012965
0.011968
0.011968
0.011968
0.011968
0.011967
0.011968
0.011969
0.011968
0.011968
0.011969
0.011969
0.011968
0.011968
0.011968
0.012965
0.011968
0.011968
0.011968
0.011969
0.011967
0.012965
0.011968
0.011968
0.011968
0.011968
0.011968
0.011968
0.011968
0.011968
0.011968
0.011968
0.011968
0.011968
0.011966
0.011968
0.011968
0.011967
0.011968
0.012965
0.011968
0.011968
0.011968
0.011969
0.011968
0.011970
0.011968
0.011968
0.012966
0.011968
0.011968
0.011968
0.011968
0.011969
0.011968
0.011968
0.011968
0.012965
0.011968
0.011968
0.012965
0.011968
0.011968
0.011968
0.011967
0.011968
0.011968
0.012965
0.013963
0.012966
0.013963
0.012966
0.012965
0.012965
0.013963
0.012965
0.013963
0.012964
0.012965
0.012965
0.013963
0.012965
0.013962
0.012965
0.012965
0.013963
0.012965
0.012965
0.013963
0.013963
0.013962
0.012965
0.012966
0.013963
0.012965
0.012965
0.013963
0.012965
0.013963
0.012966
0.012966
0.012965
0.013962
0.012965
0.012965
0.013962
0.012965
0.012965
0.013963
0.012965
0.012965
0.013963
0.012966
0.012964
0.013962
0.013960
0.012965
0.013962
0.013962
0.013963
0.013963
0.013963
0.012966
0.012966
0.013963
0.012965
0.012965
0.012966
0.013963
0.012965
0.013963
0.012965
0.012965
0.013963
0.013963
0.013963
0.012965
0.013962
0.012964
0.012965
0.012965
0.013963
0.012966
0.014959
0.013963
0.013963
0.012966
0.013962
0.013482
0.015621
0.015623
0.000000
0.015620
0.022126
0.015621
0.015622
0.006504
0.015621
0.015621
0.015624
0.015622
0.000000
0.015625
0.015622
0.022126
0.015622
0.015621
0.006504
0.000000
0.015621
0.015624
0.022046
0.012965
0.012965
0.013963
0.013963
0.012966
0.012965
0.013963
0.012965
0.012967
0.012966
0.012965
0.012965
0.012965
0.012965
0.012966
0.012965
0.012965
0.012965
0.012965
0.012965
0.012965
0.013963
0.013962
0.012965
0.012966
0.012966
0.012966
0.012966
0.012966
0.012966
0.012965
0.012965
0.012965
0.013963
0.012965
0.012965
0.012966
0.012966
0.012965
0.012966
0.012966
0.012966
0.012965
0.012965
0.012965
0.013962
0.013962
0.012965
0.012966
0.012966
0.012966
0.012964
0.013963
0.013963
0.013963
0.012965
0.013963
0.013963
0.013963
0.012966
0.012965
0.012965
0.012965
0.012966
0.012966
0.013963
0.013963
0.012965
0.012965
0.013963
0.012965
0.012967
0.012965
0.013963
0.012965
0.012965
0.012966
0.012965
0.012965
0.012965
0.012966
0.013963
0.013963
0.013963
0.013963
0.012965
0.012965
0.012968
0.012965
0.012966
0.013963
0.012965
0.012965
0.012965
0.012966
0.012965
0.012965
0.012965
0.012967
0.012965
0.013963
0.012965
0.012965
0.012965
0.012965
0.012965
0.012965
0.012965
0.013963
0.012966
0.012965
0.012965
0.012965
0.013963
0.013963
0.012965
0.013962
0.012965
0.012965
0.013963
0.013963
0.013962
0.012965
0.012965
0.012965
0.013963
0.012965
0.012965
0.012965
0.012966
0.012965
0.012965
0.012965
0.012967
0.012965
0.012965
0.012965
0.012965
0.013963
0.012965
0.012965
0.012965
0.012965
0.012965
0.013963
0.012965
0.012965
0.012965
0.012966
0.012965
0.012965
0.012965
0.012966
0.012965
0.012965
0.012965
0.012965
0.012966
0.013961
0.013963
0.012965
0.012965
0.012965
0.013963
0.012965
0.012965
0.012965
0.012965
0.012965
0.012966
0.012965
0.012965
0.012965
0.012965
0.012965
0.012965
0.013963
0.012965
0.012966
0.012965
0.012965
0.012965
0.012965
0.012965
0.012965
0.013963
0.013963
0.012965
0.012965
0.012965
0.012966
0.013963
0.012966
0.012965
0.012965
0.012965
0.012965
0.012965
0.012965
0.012966
0.012965
0.012965
0.012965
0.013963
0.012964
0.012965
