F:\datasets\door_stair/result/SSD_Inception-door-2\
=========  F:\datasets\door_stair/result/SSD_Inception-door-2\   ===========
Chart path :  F:\datasets\door_stair/result/SSD_Inception-door-2\_chart
class -> F:\datasets\door_stair/result/SSD_Inception-door-2\opened_door.txt
PRECISION opened_door 0.22709163346613545 0.9300000000000006
RECALL opened_door 1.0 0.0
F opened_door 0.3348214285714286 0.8400000000000005
Simple Recall 1.0 0.9300000000000006
Simple Precision 0.23904382470119523 0.0
class -> F:\datasets\door_stair/result/SSD_Inception-door-2\closed_door.txt
PRECISION closed_door 0.21951219512195122 0.9400000000000006
RECALL closed_door 0.3096085409252669 0.0
F closed_door 0.17516339869281047 0.03
Simple Recall 1.0 0.10999999999999999
Simple Precision 0.5673758865248227 0.0
class -> F:\datasets\door_stair/result/SSD_Inception-door-2\elevator_door.txt
PRECISION elevator_door 0.6162790697674418 0.6500000000000004
RECALL elevator_door 0.5766423357664233 0.0
F elevator_door 0.4962406015037594 0.09999999999999999
Simple Recall 0.927007299270073 0.6500000000000004
Simple Precision 0.6162790697674418 0.0

---- mAPs of   ---
opened_door 0.2121117377166744
closed_door 0.04409165619944277
elevator_door 0.3224355636019133
mAP: 0.19287965250601014



Prediction Speed 
Count => 1090 
Sum => 16.526629 
Average => 0.015162 
variance => 0.000001 
stdev => 0.001153 
FPS => 66.0 


0.014960
0.014960
0.014960
0.015958
0.013966
0.014960
0.014960
0.014961
0.013963
0.014960
0.014960
0.014960
0.013963
0.014960
0.014960
0.013963
0.014960
0.013963
0.014960
0.014960
0.014961
0.013962
0.014960
0.013963
0.014960
0.014960
0.013962
0.014960
0.014960
0.014960
0.014960
0.014960
0.014961
0.014960
0.014960
0.014960
0.014961
0.014960
0.014960
0.015958
0.014960
0.014960
0.013962
0.013963
0.013963
0.014961
0.014960
0.014961
0.014960
0.014961
0.014960
0.014960
0.013963
0.014961
0.014960
0.015957
0.014960
0.014960
0.014960
0.014960
0.014960
0.013963
0.013963
0.014960
0.014960
0.014960
0.014960
0.014960
0.014960
0.014960
0.014960
0.015959
0.015958
0.015958
0.014960
0.014960
0.015958
0.014960
0.014960
0.015958
0.014960
0.014959
0.015958
0.015957
0.015958
0.014960
0.015957
0.014961
0.014960
0.014961
0.013962
0.013962
0.014960
0.014960
0.014961
0.014960
0.013963
0.014960
0.014960
0.014960
0.014960
0.014961
0.014960
0.013962
0.014959
0.014960
0.014960
0.014961
0.014961
0.014960
0.014960
0.013964
0.014960
0.014960
0.015958
0.014961
0.014960
0.014960
0.013963
0.013962
0.014960
0.014960
0.014960
0.014961
0.014962
0.014960
0.014960
0.014959
0.014958
0.013963
0.014961
0.014960
0.014961
0.015957
0.015957
0.014960
0.014960
0.014959
0.015958
0.014960
0.015958
0.018949
0.015957
0.014960
0.014960
0.014961
0.014960
0.014960
0.014960
0.014960
0.014960
0.014961
0.014960
0.015957
0.015958
0.014960
0.014961
0.013962
0.014960
0.014960
0.014960
0.014961
0.013963
0.014960
0.014961
0.015957
0.014959
0.014961
0.014962
0.015957
0.014960
0.015957
0.015957
0.015956
0.014960
0.015959
0.015957
0.015957
0.015958
0.015957
0.014960
0.013962
0.014960
0.014960
0.015958
0.014960
0.014960
0.014960
0.014960
0.014961
0.013963
0.014960
0.014961
0.015958
0.014961
0.014961
0.015958
0.015957
0.015956
0.014960
0.015961
0.014961
0.014960
0.014960
0.014960
0.014960
0.014960
0.015957
0.014961
0.014959
0.015957
0.015959
0.015956
0.022940
0.017944
0.016953
0.014960
0.014962
0.014960
0.014960
0.014960
0.014960
0.014960
0.014959
0.015958
0.014960
0.016955
0.015957
0.015957
0.014961
0.015358
0.014960
0.014960
0.014960
0.014958
0.014954
0.014960
0.014960
0.015958
0.014960
0.015958
0.015958
0.014960
0.014961
0.014961
0.014958
0.014960
0.015958
0.014960
0.014960
0.013963
0.009011
0.015621
0.015621
0.026057
0.014961
0.014960
0.015958
0.015958
0.014961
0.015958
0.003018
0.015622
0.021941
0.016952
0.015957
0.014961
0.014960
0.003039
0.029921
0.015957
0.014960
0.014959
0.015957
0.015957
0.015957
0.015958
0.015959
0.015957
0.014960
0.014960
0.014960
0.014960
0.014960
0.014961
0.014960
0.014960
0.014960
0.014961
0.014960
0.014960
0.014960
0.014960
0.013963
0.013963
0.014960
0.014961
0.014960
0.014960
0.013963
0.014960
0.014960
0.014960
0.014960
0.014961
0.015958
0.014960
0.014958
0.014960
0.014960
0.014960
0.014960
0.014961
0.015957
0.014960
0.014961
0.014960
0.014961
0.013963
0.014960
0.014961
0.014961
0.014960
0.015958
0.017952
0.014961
0.015954
0.015958
0.014960
0.015958
0.014960
0.014960
0.014960
0.014960
0.015957
0.015957
0.014960
0.014959
0.014960
0.014960
0.014960
0.014961
0.015958
0.014960
0.014959
0.015958
0.014960
0.014962
0.015958
0.014960
0.014960
0.014960
0.015959
0.015958
0.015957
0.015957
0.014960
0.014958
0.015957
0.014960
0.014960
0.015958
0.014960
0.014960
0.014961
0.014961
0.015958
0.014960
0.013962
0.014960
0.015958
0.014960
0.014960
0.014960
0.014961
0.014960
0.013962
0.014961
0.014960
0.014959
0.014960
0.014960
0.014960
0.014960
0.015957
0.014960
0.014961
0.013962
0.014960
0.014960
0.013962
0.013962
0.014960
0.014960
0.015958
0.014960
0.014960
0.014961
0.014960
0.014960
0.013963
0.013963
0.014960
0.014960
0.014960
0.014961
0.013962
0.014960
0.014959
0.014961
0.014960
0.015957
0.014960
0.014961
0.014961
0.014960
0.014960
0.014961
0.014960
0.014960
0.014961
0.014960
0.013962
0.013963
0.020945
0.019946
0.020944
0.014960
0.015958
0.015958
0.014960
0.013962
0.013962
0.013962
0.014961
0.014960
0.014960
0.014960
0.014960
0.014960
0.014960
0.014961
0.014960
0.014960
0.014961
0.013962
0.014960
0.014961
0.014960
0.014961
0.014960
0.014960
0.014960
0.014960
0.014960
0.014960
0.014960
0.014960
0.014960
0.013963
0.013963
0.014960
0.014960
0.014960
0.014960
0.019947
0.020944
0.016954
0.015957
0.017952
0.014960
0.014960
0.014961
0.013963
0.014960
0.013963
0.013963
0.013962
0.013963
0.014960
0.014960
0.015957
0.014960
0.014960
0.014961
0.013963
0.014960
0.014960
0.014960
0.014960
0.014960
0.014961
0.014960
0.014960
0.014960
0.014960
0.014960
0.014961
0.014961
0.014960
0.014960
0.013963
0.013962
0.013962
0.014960
0.017954
0.018950
0.017951
0.015956
0.016954
0.014960
0.014961
0.014960
0.014960
0.014960
0.014960
0.015957
0.014961
0.014961
0.014960
0.014960
0.014960
0.014960
0.014960
0.014960
0.014960
0.014960
0.014961
0.014960
0.014960
0.015958
0.014960
0.014960
0.014961
0.014960
0.014960
0.014960
0.014960
0.014960
0.014960
0.015958
0.014960
0.014960
0.014961
0.014959
0.015957
0.014960
0.015957
0.015957
0.015957
0.015957
0.015958
0.015958
0.014960
0.015957
0.014961
0.014960
0.015958
0.014961
0.014960
0.015957
0.014961
0.015958
0.015957
0.014960
0.014959
0.015957
0.014960
0.015958
0.014960
0.014960
0.014960
0.014960
0.014961
0.014960
0.014961
0.015958
0.014958
0.014959
0.014960
0.015958
0.014961
0.014960
0.014961
0.014961
0.014960
0.014960
0.014960
0.014960
0.014960
0.014960
0.014960
0.014961
0.014960
0.014960
0.014960
0.014960
0.014960
0.014960
0.014960
0.014960
0.014960
0.014960
0.013963
0.013962
0.013962
0.014960
0.015960
0.014960
0.013963
0.014960
0.014960
0.014961
0.017952
0.019314
0.015958
0.014960
0.015957
0.015958
0.014959
0.014960
0.015957
0.014959
0.015958
0.015958
0.015957
0.015957
0.015957
0.015958
0.015957
0.016955
0.015957
0.015957
0.015956
0.014960
0.015957
0.014961
0.014961
0.015958
0.014960
0.014960
0.014959
0.014960
0.015957
0.015957
0.014961
0.014961
0.014960
0.014960
0.013962
0.015958
0.014960
0.014961
0.014960
0.014960
0.015958
0.015957
0.015958
0.014961
0.014960
0.014960
0.014960
0.013963
0.014960
0.014960
0.014960
0.014960
0.014960
0.014960
0.014960
0.014961
0.014961
0.014960
0.014960
0.015957
0.014960
0.014960
0.014960
0.014960
0.014961
0.014960
0.014960
0.014960
0.014960
0.014960
0.014960
0.014960
0.014960
0.014960
0.014960
0.014960
0.014961
0.013963
0.013962
0.014960
0.014960
0.014960
0.014960
0.014961
0.014960
0.015958
0.015957
0.014961
0.014960
0.014960
0.014960
0.014961
0.014962
0.015958
0.015956
0.016955
0.015957
0.015957
0.015957
0.015957
0.014960
0.014960
0.014961
0.014960
0.014960
0.014960
0.014961
0.014960
0.015958
0.014960
0.015958
0.014960
0.014960
0.014960
0.014960
0.014960
0.014959
0.014959
0.014960
0.014958
0.014961
0.015957
0.014960
0.014960
0.014959
0.014960
0.014961
0.014961
0.015958
0.015957
0.014960
0.015958
0.014961
0.014960
0.014960
0.014960
0.014961
0.015957
0.014960
0.014960
0.014961
0.014960
0.014960
0.014960
0.014960
0.013962
0.013963
0.014960
0.014961
0.014960
0.013963
0.013964
0.014960
0.014960
0.014960
0.014960
0.014960
0.014961
0.014960
0.014960
0.014960
0.013964
0.014960
0.014960
0.014961
0.014960
0.014961
0.014960
0.013963
0.013963
0.013962
0.013963
0.014960
0.013962
0.014960
0.014960
0.016954
0.015957
0.014961
0.013963
0.014960
0.014960
0.014961
0.015958
0.015958
0.017952
0.020943
0.017951
0.017951
0.017952
0.016952
0.015957
0.016955
0.015958
0.015958
0.014960
0.015958
0.014961
0.014960
0.014960
0.014960
0.015958
0.015956
0.015466
0.015949
0.015958
0.014960
0.014960
0.015957
0.018951
0.015967
0.014960
0.014960
0.014961
0.013961
0.014960
0.014960
0.014961
0.014960
0.014960
0.013962
0.014959
0.014961
0.014960
0.014960
0.014960
0.014960
0.014960
0.013962
0.013963
0.013963
0.014959
0.014960
0.014960
0.014960
0.014961
0.014960
0.014960
0.014960
0.014960
0.014961
0.014960
0.014960
0.013963
0.013962
0.014960
0.014960
0.014960
0.014961
0.014960
0.014960
0.014960
0.014960
0.014960
0.014961
0.014960
0.014960
0.014960
0.014960
0.014960
0.014960
0.014960
0.014961
0.014960
0.014960
0.014960
0.014960
0.014960
0.014960
0.014961
0.014960
0.015958
0.014960
0.014960
0.014960
0.014960
0.014960
0.014960
0.014960
0.014960
0.014960
0.015958
0.014961
0.014960
0.014960
0.014960
0.014960
0.014961
0.014960
0.014960
0.015957
0.014960
0.014960
0.014962
0.014960
0.014960
0.014960
0.014960
0.014960
0.014960
0.014960
0.014960
0.014960
0.014960
0.014960
0.014960
0.014960
0.014960
0.014960
0.014960
0.014961
0.013963
0.013963
0.014960
0.014960
0.014960
0.015957
0.014960
0.014960
0.014960
0.014961
0.014960
0.014960
0.014961
0.014960
0.014960
0.014960
0.014960
0.014960
0.014960
0.016955
0.015956
0.016955
0.014959
0.014960
0.014960
0.014960
0.015958
0.013963
0.014960
0.014960
0.014960
0.014961
0.014960
0.014961
0.014960
0.013962
0.014961
0.014960
0.014960
0.014960
0.014960
0.014960
0.014960
0.014961
0.014960
0.013963
0.014960
0.014960
0.013962
0.014960
0.014960
0.014960
0.014960
0.014960
0.014960
0.014960
0.013963
0.013962
0.013962
0.014961
0.014959
0.014960
0.014960
0.015958
0.014960
0.014961
0.016955
0.015957
0.017952
0.015957
0.014959
0.014959
0.014960
0.014959
0.015959
0.016955
0.015957
0.014960
0.014960
0.014960
0.014960
0.015958
0.014960
0.015958
0.014960
0.014960
0.015958
0.014960
0.014959
0.015957
0.016954
0.016955
0.015958
0.015958
0.016202
0.015957
0.015957
0.015957
0.016955
0.015958
0.014960
0.013963
0.014960
0.015957
0.015956
0.015957
0.015957
0.015956
0.014960
0.014959
0.014961
0.014961
0.014960
0.014961
0.014960
0.014960
0.014960
0.015957
0.014961
0.014961
0.014960
0.015958
0.014960
0.013963
0.014961
0.014960
0.014961
0.014960
0.014960
0.014960
0.014960
0.014960
0.014960
0.014961
0.014959
0.014959
0.014960
0.014959
0.014959
0.014961
0.014960
0.014960
0.014960
0.013962
0.014960
0.013963
0.014961
0.014960
0.014960
0.015957
0.013963
0.014960
0.014961
0.013962
0.014960
0.014960
0.014960
0.015957
0.014960
0.014960
0.014960
0.014961
0.013963
0.014960
