F:\datasets\door_stair/result/SSD_Inception-door-6\
=========  F:\datasets\door_stair/result/SSD_Inception-door-6\   ===========
Chart path :  F:\datasets\door_stair/result/SSD_Inception-door-6\_chart
class -> F:\datasets\door_stair/result/SSD_Inception-door-6\opened_door.txt
PRECISION opened_door 0.3867595818815331 0.9400000000000006
RECALL opened_door 0.6147959183673469 0.0
F opened_door 0.3300970873786408 0.9200000000000006
Simple Recall 0.9948979591836735 0.9400000000000006
Simple Precision 0.5714285714285714 0.0
class -> F:\datasets\door_stair/result/SSD_Inception-door-6\closed_door.txt
PRECISION closed_door 0.7027027027027027 0.9400000000000006
RECALL closed_door 0.8407079646017699 0.0
F closed_door 0.5092250922509225 0.3200000000000001
Simple Recall 1.0 0.9300000000000006
Simple Precision 0.7441860465116279 0.0
class -> F:\datasets\door_stair/result/SSD_Inception-door-6\elevator_door.txt
PRECISION elevator_door 0 0
RECALL elevator_door 0 0
F elevator_door -1.0 0
Simple Recall 0 0
Simple Precision 0 0

---- mAPs of   ---
opened_door 0.1728115422350163
closed_door 0.4235971061654333
elevator_door 0.0
mAP: 0.19880288280014988



Prediction Speed 
Count => 911 
Sum => 13.455677 
Average => 0.014770 
variance => 0.000000 
stdev => 0.000449 
FPS => 67.7 


0.014960
0.014960
0.013963
0.013964
0.013963
0.014960
0.014961
0.014960
0.014960
0.014960
0.014960
0.014961
0.014960
0.014960
0.014961
0.014960
0.014960
0.014960
0.014961
0.014960
0.014961
0.014960
0.014960
0.014960
0.014960
0.014960
0.014960
0.014961
0.014960
0.014960
0.014960
0.013963
0.014960
0.014960
0.014960
0.013963
0.014961
0.013962
0.015958
0.014960
0.014961
0.014961
0.013963
0.014960
0.014960
0.013962
0.014960
0.013963
0.014960
0.014960
0.014961
0.014961
0.014961
0.014960
0.014960
0.014960
0.014960
0.014960
0.014960
0.014960
0.014960
0.014960
0.014960
0.014960
0.014960
0.014961
0.014960
0.013963
0.013963
0.014960
0.013965
0.014961
0.014961
0.014960
0.014960
0.014960
0.014960
0.014960
0.013962
0.014961
0.014961
0.013963
0.014960
0.014960
0.014960
0.014960
0.013962
0.014960
0.013963
0.013962
0.014960
0.014960
0.013962
0.013963
0.013963
0.013963
0.013962
0.014960
0.014960
0.014961
0.014961
0.014961
0.014960
0.014960
0.014961
0.014960
0.014961
0.014960
0.014960
0.014961
0.015958
0.014960
0.014960
0.014960
0.014960
0.014961
0.014960
0.014961
0.015958
0.014961
0.015958
0.014961
0.014960
0.014960
0.014961
0.014960
0.014960
0.014959
0.014960
0.014960
0.014960
0.014960
0.014960
0.014960
0.014960
0.014960
0.014960
0.014960
0.014960
0.013963
0.014959
0.014960
0.014960
0.014961
0.014960
0.014961
0.014960
0.014960
0.014961
0.014960
0.014960
0.014960
0.014960
0.014960
0.013963
0.013963
0.013964
0.014960
0.014960
0.014960
0.014960
0.014960
0.014960
0.014960
0.013963
0.013963
0.014960
0.014960
0.014960
0.014961
0.014960
0.014961
0.014961
0.014961
0.014961
0.014960
0.014960
0.014960
0.014960
0.014960
0.013963
0.014960
0.013963
0.013963
0.014960
0.014961
0.015957
0.014960
0.014960
0.014960
0.014960
0.014960
0.014960
0.014960
0.014960
0.013963
0.014961
0.014960
0.014961
0.014960
0.013963
0.013963
0.014960
0.014960
0.014960
0.013963
0.014960
0.013961
0.014960
0.014961
0.014961
0.014960
0.014960
0.014961
0.014960
0.014960
0.014960
0.014961
0.013962
0.014960
0.014960
0.014960
0.014960
0.014960
0.014960
0.013963
0.014960
0.014961
0.014962
0.014960
0.014960
0.014960
0.013962
0.014960
0.014960
0.014960
0.014960
0.014960
0.015957
0.014960
0.014960
0.013963
0.013963
0.013962
0.013963
0.013962
0.013963
0.013963
0.013963
0.014960
0.013962
0.014960
0.014960
0.013963
0.014960
0.014960
0.014960
0.014961
0.014960
0.014960
0.014960
0.014960
0.014960
0.014960
0.014960
0.014960
0.014960
0.014960
0.014960
0.013963
0.014961
0.014960
0.014960
0.014960
0.013963
0.014961
0.014960
0.013964
0.013963
0.014960
0.013962
0.014960
0.014960
0.013962
0.014960
0.013962
0.013964
0.013963
0.014960
0.014960
0.014960
0.013963
0.013963
0.014960
0.014960
0.014960
0.014960
0.014960
0.014960
0.014961
0.014960
0.014960
0.014960
0.014960
0.014960
0.014960
0.014960
0.014960
0.014961
0.014960
0.015958
0.014960
0.014960
0.013962
0.014960
0.014960
0.014960
0.014960
0.014960
0.014960
0.014960
0.013963
0.014960
0.014960
0.014961
0.014960
0.014961
0.014961
0.014960
0.014960
0.014960
0.014960
0.014960
0.014961
0.014961
0.014960
0.014961
0.014960
0.014960
0.013963
0.014960
0.014961
0.014960
0.014960
0.014960
0.014960
0.014960
0.014960
0.014960
0.014960
0.014960
0.013963
0.014960
0.014960
0.014960
0.014960
0.014960
0.014961
0.014960
0.014960
0.014961
0.014961
0.014960
0.014960
0.014960
0.014961
0.013962
0.013962
0.013963
0.014960
0.014960
0.014960
0.014960
0.014960
0.014961
0.014961
0.014960
0.014960
0.014962
0.014961
0.014960
0.014961
0.014960
0.013963
0.013963
0.014960
0.014961
0.014960
0.014960
0.013964
0.013963
0.013963
0.014961
0.014960
0.014960
0.014960
0.014960
0.014961
0.014960
0.014961
0.014960
0.014960
0.014960
0.014960
0.014960
0.014960
0.014960
0.014960
0.013962
0.013962
0.014960
0.014960
0.014961
0.013964
0.014961
0.013963
0.014960
0.014960
0.014961
0.014960
0.013963
0.014960
0.014960
0.014960
0.014960
0.015957
0.013963
0.014960
0.014960
0.014960
0.014960
0.014960
0.014960
0.014960
0.014961
0.014961
0.014960
0.014960
0.014960
0.013962
0.013963
0.013963
0.014960
0.013963
0.013964
0.013963
0.013963
0.013963
0.014960
0.014961
0.014960
0.014960
0.014960
0.014961
0.014960
0.014960
0.014961
0.014960
0.014960
0.013963
0.013962
0.014960
0.013962
0.013962
0.013963
0.013963
0.014960
0.014960
0.015958
0.015958
0.015958
0.014959
0.014960
0.014961
0.014960
0.014960
0.015958
0.014959
0.014960
0.014960
0.014960
0.014960
0.014960
0.014960
0.014960
0.014961
0.014961
0.014962
0.014960
0.013963
0.013963
0.014960
0.014960
0.014961
0.014960
0.013962
0.014960
0.013963
0.013963
0.013963
0.014960
0.014960
0.014960
0.014960
0.014960
0.014960
0.014960
0.014960
0.014960
0.014961
0.014960
0.014960
0.014960
0.014960
0.014961
0.013962
0.014961
0.014960
0.014960
0.014960
0.014960
0.013963
0.014960
0.014960
0.014960
0.014960
0.014960
0.014960
0.014960
0.014961
0.014960
0.014961
0.014960
0.014960
0.014960
0.013963
0.013962
0.013966
0.014960
0.014961
0.014960
0.013963
0.014961
0.013962
0.013963
0.013963
0.013963
0.013963
0.013963
0.014960
0.014960
0.014960
0.014960
0.014960
0.014961
0.013963
0.013963
0.014961
0.014959
0.014960
0.014960
0.013963
0.013963
0.013963
0.014960
0.014960
0.014961
0.014960
0.014961
0.013963
0.014960
0.014961
0.014961
0.014960
0.015957
0.014960
0.014961
0.014960
0.014960
0.014960
0.014960
0.014960
0.014960
0.014961
0.014960
0.013963
0.014961
0.014960
0.014960
0.014960
0.014960
0.014960
0.014961
0.014960
0.014960
0.014960
0.014960
0.014960
0.014960
0.014961
0.014961
0.013963
0.013963
0.014960
0.013963
0.013964
0.013963
0.014960
0.014960
0.014960
0.014960
0.014960
0.013963
0.013962
0.013963
0.014959
0.014960
0.014961
0.014960
0.014960
0.014961
0.014960
0.013963
0.013962
0.014960
0.014960
0.014960
0.014960
0.014960
0.014960
0.014961
0.014960
0.014960
0.013963
0.013962
0.014960
0.014960
0.014960
0.014961
0.014960
0.014961
0.013963
0.014961
0.014960
0.014960
0.013963
0.014960
0.014961
0.014960
0.014960
0.014960
0.014961
0.013963
0.014960
0.014960
0.014960
0.014960
0.014960
0.014960
0.014961
0.013963
0.014960
0.014961
0.014960
0.014960
0.014960
0.014960
0.014960
0.014960
0.014961
0.014961
0.013963
0.014960
0.014960
0.013963
0.013963
0.014960
0.014960
0.014961
0.014960
0.013963
0.013963
0.014960
0.014960
0.013963
0.013963
0.013963
0.013963
0.013963
0.013963
0.013962
0.013963
0.013962
0.013963
0.013963
0.013962
0.013963
0.013963
0.014960
0.014960
0.014960
0.014960
0.014960
0.013963
0.014961
0.013963
0.013963
0.013963
0.014961
0.014961
0.014961
0.014960
0.014960
0.015957
0.013963
0.014960
0.014961
0.013963
0.013962
0.014961
0.014960
0.015958
0.014961
0.014960
0.014961
0.014960
0.014960
0.014960
0.014960
0.014960
0.014960
0.014960
0.014960
0.014960
0.014960
0.014960
0.013963
0.014960
0.013963
0.013963
0.014960
0.014961
0.014960
0.013963
0.013963
0.014960
0.014960
0.014960
0.014960
0.014960
0.013963
0.013961
0.014960
0.015958
0.013963
0.014961
0.015957
0.013963
0.014961
0.014960
0.014960
0.014960
0.014960
0.014960
0.013963
0.014960
0.014960
0.014960
0.013963
0.013962
0.013963
0.013962
0.014960
0.015957
0.013963
0.013963
0.014960
0.014960
0.014960
0.014960
0.014960
0.014960
0.014960
0.014960
0.013963
0.014960
0.013963
0.014960
0.014960
0.014960
0.014960
0.014960
0.014960
0.014960
0.013962
0.014960
0.014960
0.013962
0.013963
0.014960
0.014960
0.014960
0.014960
0.014960
0.014961
0.014961
0.014960
0.014960
0.014960
0.014960
0.014960
0.014960
0.014960
0.014960
0.014960
0.014960
0.015958
0.014960
0.014960
0.013962
0.014960
0.014960
0.014961
0.014960
0.014961
0.015958
0.014961
0.014960
0.014961
0.014960
0.014960
0.014960
0.014960
0.014960
0.014960
0.014961
0.014960
0.014960
0.014960
0.014960
0.014960
0.014467
0.014960
0.014960
0.014960
0.014961
0.014960
0.014960
0.014960
0.014960
0.014960
0.014960
0.014960
0.014960
0.014960
0.014961
0.015958
0.014961
0.014960
0.014960
0.014960
0.014960
0.014960
0.014960
0.014960
0.014961
0.014960
0.013963
0.013963
0.013963
0.014960
0.014960
0.013964
0.014960
0.014961
0.013963
0.013963
0.014960
0.014960
0.014960
0.015958
0.014961
0.014960
0.014961
0.014960
0.014960
0.014960
0.014961
0.014961
0.014960
0.014960
0.014960
0.014960
0.014960
0.014960
0.014960
0.014961
0.014961
0.014960
0.014960
0.014960
0.013963
0.013964
0.013963
0.014960
0.013963
0.014960
0.013963
0.013963
0.013963
0.013963
