F:\datasets\door_stair/result/SSD_mobilenet-stair-2\
=========  F:\datasets\door_stair/result/SSD_mobilenet-stair-2\   ===========
Chart path :  F:\datasets\door_stair/result/SSD_mobilenet-stair-2\_chart
class -> F:\datasets\door_stair/result/SSD_mobilenet-stair-2\ascending_stair.txt
PRECISION ascending_stair 0 0
RECALL ascending_stair 0 0
F ascending_stair -1.0 0
Simple Recall 0 0
Simple Precision 0 0
class -> F:\datasets\door_stair/result/SSD_mobilenet-stair-2\descending_stair.txt
PRECISION descending_stair 1.0 0.6200000000000003
RECALL descending_stair 0.888030888030888 0.0
F descending_stair 0.8721174004192872 0.08
Simple Recall 1.0 0.10999999999999999
Simple Precision 1.0 0.0

---- mAPs of   ---
ascending_stair 0.0
descending_stair 0.8610404296751538
mAP: 0.4305202148375769



Prediction Speed 
Count => 314 
Sum => 3.513650 
Average => 0.011190 
variance => 0.000000 
stdev => 0.000510 
FPS => 89.4 


0.011968
0.010971
0.010971
0.010970
0.010971
0.010970
0.010970
0.011967
0.010971
0.011968
0.010971
0.010971
0.010970
0.010971
0.010970
0.010970
0.010971
0.011968
0.011968
0.010971
0.010971
0.010970
0.010971
0.010971
0.011968
0.010971
0.010972
0.010972
0.011968
0.010971
0.011968
0.010971
0.011968
0.010971
0.010971
0.010971
0.011970
0.010971
0.010971
0.010971
0.011968
0.010971
0.011969
0.010971
0.010971
0.011968
0.010971
0.010971
0.011968
0.010971
0.010971
0.010971
0.010971
0.010971
0.010970
0.010971
0.011969
0.010971
0.010971
0.010971
0.010971
0.009973
0.010970
0.010971
0.010971
0.011968
0.010971
0.010971
0.011968
0.010971
0.011968
0.010972
0.010970
0.010971
0.014961
0.011968
0.011968
0.012965
0.011968
0.013963
0.011967
0.011968
0.011968
0.010972
0.010971
0.010971
0.010970
0.010971
0.010971
0.010971
0.010971
0.010971
0.010971
0.011968
0.010971
0.010970
0.010971
0.010970
0.010971
0.010971
0.010970
0.010972
0.010971
0.010971
0.010971
0.009974
0.010971
0.010971
0.010971
0.010971
0.011968
0.010972
0.010970
0.010971
0.010970
0.010971
0.010971
0.011968
0.010970
0.010970
0.010971
0.010970
0.010971
0.010971
0.010971
0.010971
0.010970
0.010971
0.010971
0.010971
0.011968
0.010971
0.010971
0.010971
0.010971
0.010971
0.011968
0.010970
0.010971
0.011968
0.010970
0.010971
0.011968
0.010971
0.010971
0.010970
0.010971
0.011968
0.010971
0.010971
0.010971
0.011969
0.010971
0.010972
0.011968
0.010971
0.010971
0.010971
0.011967
0.010971
0.010971
0.010971
0.010971
0.010971
0.010971
0.010971
0.011968
0.010970
0.010971
0.010971
0.010971
0.010971
0.010971
0.010971
0.011968
0.010971
0.011968
0.010971
0.010971
0.010971
0.010971
0.010971
0.010971
0.011968
0.010971
0.010971
0.010971
0.010971
0.011968
0.010971
0.010971
0.011968
0.010970
0.010971
0.010971
0.010970
0.010971
0.011968
0.010971
0.010971
0.010971
0.010970
0.010971
0.010971
0.010970
0.010972
0.011968
0.010971
0.010970
0.010971
0.010971
0.010971
0.010971
0.011968
0.010971
0.011968
0.010970
0.011968
0.010971
0.010971
0.011968
0.010971
0.010971
0.010971
0.010970
0.010971
0.010971
0.010971
0.011968
0.010971
0.010971
0.010970
0.010971
0.011967
0.010971
0.010971
0.010971
0.010971
0.011968
0.010971
0.010971
0.010971
0.010971
0.011968
0.010971
0.010971
0.010971
0.010971
0.010971
0.010971
0.010971
0.010971
0.010971
0.010970
0.010971
0.010971
0.011968
0.010971
0.011968
0.010972
0.010972
0.010971
0.011968
0.010971
0.010971
0.010970
0.010971
0.011968
0.010971
0.010970
0.010971
0.011968
0.010971
0.011968
0.010971
0.010971
0.010971
0.010970
0.010971
0.010970
0.010970
0.011968
0.010971
0.010971
0.009973
0.010971
0.010971
0.011968
0.010971
0.011968
0.010971
0.010971
0.010971
0.010971
0.010971
0.011968
0.010971
0.010970
0.010971
0.010971
0.011968
0.010971
0.010971
0.010971
0.010971
0.011968
0.010971
0.010971
0.010971
0.009973
0.010971
0.010972
0.011968
0.010971
