F:\datasets\door_stair/result/SSD_mobilenet-door-3\
=========  F:\datasets\door_stair/result/SSD_mobilenet-door-3\   ===========
Chart path :  F:\datasets\door_stair/result/SSD_mobilenet-door-3\_chart
class -> F:\datasets\door_stair/result/SSD_mobilenet-door-3\opened_door.txt
PRECISION opened_door 0 0
RECALL opened_door 0 0
F opened_door -1.0 0
Simple Recall 0 0
Simple Precision 0 0
class -> F:\datasets\door_stair/result/SSD_mobilenet-door-3\closed_door.txt
PRECISION closed_door 1.0 0.9000000000000006
RECALL closed_door 0.630057803468208 0.0
F closed_door 0.48101265822784806 0.4000000000000002
Simple Recall 0.9653179190751445 0.8200000000000005
Simple Precision 1.0 0.0
class -> F:\datasets\door_stair/result/SSD_mobilenet-door-3\elevator_door.txt
PRECISION elevator_door 0 0
RECALL elevator_door 0 0
F elevator_door -1.0 0
Simple Recall 0 0
Simple Precision 0 0

---- mAPs of   ---
opened_door 0.0
closed_door 0.4358159320604085
elevator_door 0.0
mAP: 0.1452719773534695



Prediction Speed 
Count => 305 
Sum => 3.437851 
Average => 0.011272 
variance => 0.000000 
stdev => 0.000525 
FPS => 88.7 


0.010970
0.010971
0.010971
0.010971
0.010971
0.010971
0.010971
0.010971
0.010971
0.011968
0.010971
0.011968
0.010971
0.011968
0.010970
0.010971
0.011968
0.010971
0.012966
0.013963
0.010971
0.011968
0.010971
0.010971
0.011968
0.010971
0.011968
0.010971
0.010970
0.011969
0.010971
0.011968
0.010971
0.010971
0.010971
0.010971
0.010971
0.010970
0.010971
0.010971
0.010970
0.010971
0.010970
0.010971
0.010970
0.010971
0.010971
0.010971
0.010971
0.010971
0.011968
0.010971
0.010971
0.010971
0.011969
0.010971
0.011968
0.010971
0.010971
0.010971
0.010971
0.010970
0.010971
0.011967
0.010971
0.011968
0.010970
0.010971
0.010970
0.010971
0.011968
0.010971
0.010971
0.010971
0.011968
0.010971
0.010971
0.011968
0.010971
0.010971
0.011968
0.010971
0.010971
0.011968
0.010971
0.010971
0.009973
0.010970
0.010971
0.010971
0.010971
0.010971
0.011968
0.010971
0.010971
0.010971
0.010971
0.010971
0.010970
0.010971
0.010972
0.011968
0.010971
0.010972
0.010971
0.010970
0.010971
0.010971
0.010972
0.011968
0.010971
0.010971
0.011968
0.010972
0.011968
0.010971
0.010971
0.010971
0.010971
0.011968
0.010970
0.010971
0.010970
0.010971
0.010971
0.011968
0.010971
0.010971
0.010971
0.010971
0.010971
0.010970
0.011968
0.010970
0.010971
0.010971
0.010971
0.011968
0.010971
0.011968
0.011968
0.011968
0.011968
0.010971
0.010972
0.010970
0.010970
0.011968
0.010970
0.011968
0.010970
0.011968
0.010971
0.010971
0.011968
0.010970
0.010971
0.010972
0.011968
0.010971
0.011968
0.010971
0.010971
0.011968
0.010971
0.010971
0.011968
0.010971
0.010971
0.010971
0.011968
0.010971
0.010971
0.011968
0.010971
0.010971
0.010972
0.010973
0.010972
0.010971
0.011968
0.010970
0.010971
0.010971
0.010971
0.010972
0.010971
0.010970
0.010970
0.011968
0.010971
0.011968
0.010971
0.010971
0.011968
0.010971
0.011968
0.010970
0.010970
0.010971
0.010971
0.010971
0.011968
0.010971
0.010971
0.011968
0.010971
0.010971
0.010970
0.010971
0.010971
0.010970
0.011968
0.010971
0.011968
0.010971
0.010972
0.009974
0.010970
0.010971
0.010971
0.010971
0.010971
0.010971
0.011968
0.010971
0.011968
0.010972
0.010971
0.011968
0.010971
0.011968
0.011968
0.010971
0.011968
0.010972
0.011968
0.010971
0.010971
0.010970
0.011968
0.010971
0.011968
0.010971
0.010970
0.011968
0.010971
0.010971
0.011968
0.010971
0.011968
0.010971
0.011969
0.010971
0.011968
0.010970
0.011969
0.011969
0.010971
0.010970
0.010971
0.010970
0.011968
0.010970
0.010971
0.010971
0.011967
0.012965
0.011969
0.012966
0.012965
0.011968
0.010971
0.010970
0.010970
0.011968
0.010971
0.010970
0.010971
0.010969
0.012966
0.010971
0.011968
0.010971
0.011968
0.011968
0.010971
0.011968
0.010971
0.011968
0.010971
0.011968
0.010971
0.010971
0.010971
0.010970
0.010971
0.011968
0.010971
0.010971
0.010970
0.010971
0.011968
0.010971
0.011968
