F:\datasets\door_stair/resultVideos/SSD_Inception-door-6\
=========  F:\datasets\door_stair/resultVideos/SSD_Inception-door-6\   ===========
Chart path :  F:\datasets\door_stair/resultVideos/SSD_Inception-door-6\_chart
class -> F:\datasets\door_stair/resultVideos/SSD_Inception-door-6\opened_door.txt
PRECISION opened_door 0.3867595818815331 0.9400000000000006
RECALL opened_door 0.6147959183673469 0.0
F opened_door 0.3300970873786408 0.9200000000000006
Simple Recall 0.9948979591836735 0.9400000000000006
Simple Precision 0.5714285714285714 0.0
class -> F:\datasets\door_stair/resultVideos/SSD_Inception-door-6\closed_door.txt
PRECISION closed_door 0.7027027027027027 0.9400000000000006
RECALL closed_door 0.8407079646017699 0.0
F closed_door 0.5092250922509225 0.3200000000000001
Simple Recall 1.0 0.9300000000000006
Simple Precision 0.7441860465116279 0.0
class -> F:\datasets\door_stair/resultVideos/SSD_Inception-door-6\elevator_door.txt
PRECISION elevator_door 0 0
RECALL elevator_door 0 0
F elevator_door -1.0 0
Simple Recall 0 0
Simple Precision 0 0

---- mAPs of   ---
opened_door 0.1728115422350163
closed_door 0.4235971061654333
elevator_door 0.0
mAP: 0.19880288280014988



Prediction Speed 
Count => 911 
Sum => 13.413729 
Average => 0.014724 
variance => 0.000004 
stdev => 0.002056 
FPS => 67.9 


0.014960
0.013963
0.014959
0.014960
0.014960
0.014961
0.014960
0.014960
0.014960
0.014960
0.014960
0.014960
0.014961
0.014960
0.014960
0.014960
0.014960
0.014960
0.014961
0.013963
0.013963
0.014960
0.014960
0.014960
0.014961
0.015957
0.014960
0.014960
0.014960
0.014960
0.013963
0.014960
0.014960
0.014960
0.014960
0.014961
0.014961
0.014960
0.014960
0.013962
0.014961
0.014960
0.014960
0.013963
0.014960
0.014960
0.014961
0.013963
0.014960
0.014961
0.014960
0.014960
0.014960
0.014960
0.014960
0.013963
0.013963
0.013963
0.014960
0.014960
0.014960
0.014961
0.014960
0.014960
0.013963
0.013962
0.013962
0.013962
0.014960
0.013962
0.013963
0.013963
0.013963
0.014961
0.013963
0.014960
0.014961
0.014960
0.013963
0.013963
0.013962
0.013963
0.014961
0.014960
0.014960
0.013962
0.013964
0.013963
0.013963
0.014960
0.013963
0.013963
0.014960
0.014961
0.013962
0.014961
0.014961
0.013963
0.014961
0.014960
0.013963
0.013963
0.014960
0.013964
0.013963
0.013963
0.013963
0.014960
0.014960
0.014960
0.014960
0.014960
0.014959
0.014961
0.014960
0.014960
0.016954
0.015958
0.015957
0.014960
0.014959
0.014961
0.014960
0.014960
0.014960
0.014960
0.014960
0.014960
0.014960
0.014960
0.014960
0.014960
0.014960
0.014961
0.014961
0.014960
0.014960
0.014960
0.014959
0.014961
0.014961
0.014961
0.014960
0.014960
0.014960
0.014960
0.014960
0.014960
0.015958
0.014961
0.014961
0.014961
0.013962
0.013963
0.013963
0.013962
0.014960
0.014960
0.014960
0.014961
0.014961
0.014960
0.014960
0.014960
0.014960
0.013963
0.014960
0.014960
0.013963
0.014960
0.014960
0.014960
0.014961
0.014960
0.014960
0.014960
0.014960
0.014961
0.013963
0.013962
0.014960
0.014960
0.014961
0.013963
0.014960
0.014960
0.014960
0.013963
0.014960
0.014961
0.014961
0.014960
0.013963
0.013963
0.014961
0.014960
0.012353
0.015621
0.015621
0.015622
0.015621
0.015621
0.015622
0.015621
0.015621
0.015622
0.000000
0.015621
0.015621
0.015621
0.015621
0.015621
0.015621
0.015621
0.015622
0.015622
0.015621
0.015622
0.015621
0.015621
0.015622
0.015622
0.015621
0.015621
0.015621
0.015621
0.015621
0.015621
0.015622
0.015621
0.015621
0.015621
0.015621
0.000000
0.015621
0.015623
0.015620
0.015621
0.015622
0.015620
0.015621
0.015621
0.015621
0.015621
0.015622
0.000000
0.015621
0.015621
0.015621
0.015621
0.015621
0.015621
0.015622
0.015621
0.015621
0.015621
0.028729
0.015958
0.014960
0.014960
0.014960
0.014960
0.014960
0.014960
0.013963
0.013962
0.013965
0.014962
0.014960
0.014960
0.013963
0.014960
0.014960
0.014961
0.013963
0.014960
0.014960
0.014960
0.014960
0.015958
0.014960
0.013963
0.013963
0.013963
0.014960
0.013962
0.014960
0.014960
0.014960
0.014960
0.015957
0.014960
0.014960
0.014960
0.014960
0.014960
0.014960
0.013963
0.013962
0.014960
0.014961
0.014960
0.014960
0.014960
0.014960
0.015957
0.014960
0.014960
0.014960
0.014960
0.014960
0.013962
0.014960
0.014960
0.014961
0.014960
0.013963
0.013963
0.013963
0.013962
0.013963
0.013962
0.013963
0.014960
0.014960
0.014960
0.014960
0.014960
0.014960
0.013963
0.014960
0.014960
0.014960
0.014960
0.014960
0.013963
0.013963
0.013962
0.014960
0.014960
0.014960
0.013963
0.013962
0.013964
0.014960
0.014960
0.014961
0.014960
0.014960
0.014960
0.014960
0.014961
0.014961
0.014960
0.013963
0.014960
0.014961
0.013963
0.014960
0.014961
0.014960
0.014960
0.014960
0.014960
0.014961
0.014960
0.014960
0.014960
0.014960
0.014961
0.014960
0.014961
0.014960
0.014961
0.014960
0.014961
0.014960
0.014960
0.014960
0.014960
0.014960
0.013963
0.014961
0.014960
0.014960
0.013963
0.013963
0.014961
0.014960
0.014960
0.014960
0.013963
0.013963
0.013965
0.014960
0.014960
0.014960
0.014960
0.013963
0.013962
0.014960
0.014961
0.014960
0.014960
0.014960
0.014960
0.014960
0.013962
0.014960
0.014960
0.014961
0.014960
0.014960
0.013963
0.013963
0.013962
0.014960
0.014960
0.014960
0.014960
0.014960
0.014960
0.013963
0.013962
0.015957
0.013963
0.014960
0.014960
0.014960
0.014961
0.014960
0.014961
0.014960
0.014960
0.014960
0.014960
0.014960
0.014961
0.015958
0.014961
0.014960
0.014960
0.014960
0.014960
0.014960
0.014960
0.014961
0.014960
0.014960
0.014960
0.014960
0.014960
0.014961
0.014960
0.013963
0.014960
0.014960
0.014960
0.013963
0.014960
0.014961
0.014960
0.014960
0.013963
0.013963
0.014961
0.014960
0.014960
0.014960
0.014960
0.014960
0.014961
0.014960
0.014960
0.014960
0.014961
0.014960
0.014960
0.014960
0.013963
0.014960
0.014960
0.014960
0.014961
0.014961
0.014960
0.014960
0.014960
0.014960
0.014960
0.014960
0.014961
0.014961
0.014960
0.014960
0.013963
0.013962
0.014960
0.014960
0.014960
0.014960
0.014960
0.014960
0.014960
0.013963
0.014960
0.014960
0.014960
0.014960
0.014960
0.013963
0.013963
0.013963
0.013963
0.013962
0.014960
0.014960
0.014960
0.014960
0.014960
0.014961
0.014960
0.014961
0.014960
0.014961
0.014960
0.013963
0.013963
0.014960
0.014960
0.014960
0.014960
0.014960
0.014960
0.014960
0.014960
0.014960
0.014961
0.013962
0.013963
0.014960
0.014960
0.014960
0.013963
0.013963
0.013963
0.014961
0.015958
0.014960
0.013963
0.013963
0.013963
0.013962
0.014960
0.013963
0.013963
0.013963
0.013963
0.014960
0.014960
0.014961
0.014961
0.014960
0.008065
0.015622
0.015621
0.015621
0.015622
0.015621
0.015621
0.015621
0.015622
0.015621
0.015621
0.015621
0.015621
0.015621
0.015621
0.015622
0.015621
0.015621
0.015621
0.015621
0.015621
0.015621
0.015621
0.015622
0.015621
0.015621
0.015621
0.015621
0.000000
0.015623
0.015621
0.015620
0.015622
0.015621
0.015621
0.015622
0.015621
0.015622
0.015621
0.015621
0.000000
0.015621
0.015621
0.015621
0.015622
0.015621
0.021719
0.013963
0.014960
0.014960
0.013963
0.013964
0.013963
0.014960
0.014960
0.014960
0.015957
0.014960
0.014960
0.013963
0.013963
0.013963
0.014960
0.014961
0.014960
0.014960
0.015957
0.014960
0.014960
0.013963
0.014961
0.014960
0.014960
0.013963
0.014961
0.013962
0.014960
0.014960
0.014961
0.014960
0.014960
0.014961
0.014960
0.014960
0.014960
0.013964
0.013964
0.014960
0.014960
0.014960
0.014960
0.013962
0.014960
0.014960
0.014961
0.014961
0.014960
0.014960
0.014960
0.014960
0.014960
0.014960
0.014960
0.013963
0.013962
0.009091
0.015621
0.015621
0.015621
0.015621
0.015622
0.000000
0.000000
0.015621
0.015621
0.015621
0.015622
0.015620
0.015621
0.015621
0.015621
0.015621
0.015622
0.015621
0.000000
0.004504
0.016631
0.016629
0.016629
0.017131
0.016629
0.016629
0.016629
0.016629
0.016630
0.001005
0.001006
0.001006
0.001006
0.000000
0.015621
0.015621
0.015622
0.015621
0.015621
0.015621
0.015621
0.015622
0.015621
0.015621
0.027687
0.008077
0.015623
0.015620
0.015622
0.015621
0.015622
0.015621
0.015621
0.015621
0.015621
0.015622
0.015621
0.015621
0.015622
0.028724
0.015957
0.014960
0.014960
0.014961
0.014962
0.014960
0.014960
0.014960
0.013964
0.013962
0.014961
0.014960
0.014960
0.014960
0.014960
0.014960
0.014961
0.014960
0.014960
0.014960
0.014960
0.014960
0.013963
0.013963
0.014960
0.014960
0.014961
0.014961
0.013963
0.013963
0.014960
0.013963
0.013963
0.013963
0.014960
0.014960
0.014961
0.013963
0.014961
0.014960
0.013963
0.014960
0.014960
0.014961
0.014960
0.014960
0.013963
0.013962
0.014960
0.014960
0.014960
0.013962
0.014960
0.014960
0.013963
0.014961
0.014960
0.014960
0.014960
0.014960
0.014960
0.014960
0.014960
0.014960
0.014961
0.014960
0.014960
0.014960
0.014960
0.014960
0.014960
0.014960
0.014961
0.014960
0.014960
0.014960
0.014960
0.014960
0.014960
0.014960
0.014961
0.014960
0.015958
0.014960
0.014960
0.014960
0.014960
0.014961
0.014960
0.014960
0.014960
0.013963
0.014960
0.014960
0.014960
0.014960
0.014960
0.014960
0.014960
0.014960
0.014961
0.014961
0.014960
0.014960
0.014960
0.014960
0.014960
0.014960
0.013963
0.013962
0.014960
0.014961
0.014960
0.014960
0.013963
0.013964
0.014960
0.014960
0.014960
0.014960
0.014960
0.015958
0.014960
0.014960
0.014961
0.014961
0.014961
0.013962
0.014960
0.014960
0.014960
0.014960
0.013963
0.014961
0.014961
0.014960
0.014960
0.014960
0.014960
0.013964
0.013963
0.014960
0.014961
0.014960
0.014960
0.014960
0.014960
0.013963
0.013963
0.013963
0.014960
0.014960
0.014960
0.014960
0.014960
0.014960
0.014960
0.014960
0.014960
0.014960
0.014961
0.014960
0.014960
0.014960
0.014960
0.014961
0.014961
0.014961
0.013963
0.013963
0.014960
0.014961
0.014960
0.014960
0.014960
0.014960
0.014960
0.014960
0.014960
0.014961
0.014961
0.014960
