F:\datasets\door_stair/resultVideos/SSD_mobilenet-door-2\
=========  F:\datasets\door_stair/resultVideos/SSD_mobilenet-door-2\   ===========
Chart path :  F:\datasets\door_stair/resultVideos/SSD_mobilenet-door-2\_chart
class -> F:\datasets\door_stair/resultVideos/SSD_mobilenet-door-2\opened_door.txt
PRECISION opened_door 0.23880597014925373 0.2800000000000001
RECALL opened_door 0.85 0.0
F opened_door 0.217687074829932 0.2800000000000001
Simple Recall 1.0 0.2800000000000001
Simple Precision 0.2835820895522388 0.0
class -> F:\datasets\door_stair/resultVideos/SSD_mobilenet-door-2\closed_door.txt
PRECISION closed_door 0.1793103448275862 0.47000000000000025
RECALL closed_door 0.6944444444444444 0.0
F closed_door 0.2235294117647059 0.37000000000000016
Simple Recall 1.0 0.4400000000000002
Simple Precision 0.21052631578947367 0.0
class -> F:\datasets\door_stair/resultVideos/SSD_mobilenet-door-2\elevator_door.txt
PRECISION elevator_door 1.0 0.10999999999999999
RECALL elevator_door 0.6708860759493671 0.0
F elevator_door 0.7200000000000001 0.060000000000000005
Simple Recall 0.9240506329113924 0.10999999999999999
Simple Precision 1.0 0.0

---- mAPs of   ---
opened_door 0.11751903707451115
closed_door 0.0923806011596363
elevator_door 0.6170174508597955
mAP: 0.275639029697981



Prediction Speed 
Count => 1090 
Sum => 12.051634 
Average => 0.011057 
variance => 0.000004 
stdev => 0.001968 
FPS => 90.4 


0.010971
0.010971
0.011968
0.010970
0.010972
0.010972
0.010971
0.010970
0.010971
0.010971
0.010972
0.010971
0.010971
0.010971
0.010971
0.010971
0.010971
0.010971
0.010971
0.010971
0.010971
0.010971
0.010971
0.010971
0.010971
0.011968
0.010971
0.010972
0.010971
0.010971
0.010971
0.010972
0.010971
0.010971
0.010971
0.010971
0.010971
0.010971
0.010971
0.010971
0.010972
0.010971
0.010971
0.009974
0.010970
0.010971
0.010971
0.010971
0.010972
0.010971
0.010970
0.010971
0.010972
0.010971
0.010971
0.010971
0.010971
0.010971
0.009974
0.009973
0.010971
0.009974
0.010970
0.010970
0.010970
0.010971
0.010971
0.010970
0.010971
0.010971
0.011968
0.010971
0.010971
0.010970
0.010971
0.010971
0.010971
0.010971
0.010972
0.010971
0.010971
0.009973
0.010971
0.010971
0.010971
0.010971
0.010971
0.010971
0.011968
0.010971
0.010971
0.010971
0.010971
0.010971
0.010971
0.010971
0.010971
0.010971
0.010971
0.010971
0.010971
0.010971
0.010971
0.010972
0.010971
0.010971
0.010971
0.009973
0.010971
0.010971
0.010971
0.011968
0.010971
0.009973
0.010971
0.011968
0.011969
0.011968
0.011969
0.010971
0.010971
0.009974
0.009973
0.010972
0.010972
0.010971
0.010971
0.010971
0.010971
0.010971
0.010971
0.010970
0.010971
0.010971
0.010970
0.010971
0.010971
0.010971
0.010971
0.010971
0.010971
0.009973
0.010971
0.010971
0.010971
0.010972
0.010971
0.009974
0.010971
0.010971
0.010972
0.009973
0.010971
0.010971
0.010971
0.010972
0.010971
0.010972
0.010971
0.010970
0.010971
0.010971
0.010971
0.010971
0.010971
0.010971
0.010971
0.010971
0.010971
0.010971
0.010972
0.011968
0.010971
0.010971
0.010971
0.010971
0.010971
0.010971
0.010971
0.009973
0.010971
0.010971
0.010972
0.010970
0.010971
0.010971
0.010972
0.010971
0.009974
0.010971
0.010971
0.010971
0.010971
0.010971
0.010970
0.010972
0.010971
0.010971
0.010971
0.010970
0.010971
0.010971
0.010970
0.010971
0.010971
0.010971
0.010971
0.010972
0.010971
0.010971
0.010971
0.010971
0.010971
0.011968
0.010971
0.010971
0.011968
0.010971
0.010971
0.010970
0.010971
0.010971
0.010971
0.010971
0.010971
0.010971
0.010971
0.010972
0.010971
0.011968
0.010971
0.010971
0.010971
0.011968
0.010971
0.010971
0.010970
0.010971
0.010971
0.009973
0.010971
0.010971
0.010971
0.010971
0.010971
0.009973
0.010971
0.010971
0.010972
0.010971
0.010971
0.010971
0.010971
0.010971
0.010971
0.010971
0.010971
0.010971
0.010971
0.010971
0.010971
0.010971
0.010971
0.010971
0.011968
0.010971
0.011968
0.010971
0.011968
0.010971
0.011968
0.010971
0.010971
0.010971
0.010971
0.011968
0.010971
0.010971
0.010971
0.010971
0.010971
0.010971
0.010971
0.011968
0.010972
0.010971
0.011968
0.010971
0.010971
0.010971
0.010971
0.010971
0.010971
0.010971
0.010971
0.010971
0.010971
0.010971
0.010972
0.010970
0.011968
0.010971
0.010971
0.010970
0.010971
0.010971
0.010971
0.010971
0.010971
0.010970
0.010971
0.010971
0.010971
0.010971
0.010971
0.010971
0.010971
0.010970
0.010971
0.010971
0.010971
0.011968
0.010971
0.010971
0.011969
0.010971
0.010970
0.010971
0.010971
0.010971
0.010970
0.010971
0.010971
0.010971
0.010971
0.011968
0.010971
0.010971
0.010971
0.011968
0.010971
0.011968
0.010971
0.010970
0.010971
0.011968
0.010971
0.010971
0.010971
0.010972
0.010971
0.010971
0.010971
0.010972
0.010971
0.010971
0.010971
0.010971
0.010971
0.010971
0.010971
0.011968
0.011968
0.010972
0.010971
0.010972
0.010971
0.011968
0.010971
0.010971
0.010971
0.011968
0.010971
0.010971
0.011968
0.010971
0.010971
0.010971
0.010970
0.011968
0.010971
0.010970
0.010970
0.010971
0.010971
0.010971
0.009973
0.010970
0.010971
0.011968
0.010971
0.010971
0.010971
0.011968
0.010971
0.010971
0.010971
0.010970
0.011969
0.011969
0.010971
0.011969
0.010971
0.010971
0.010971
0.010971
0.010971
0.010970
0.010971
0.010971
0.010970
0.010971
0.010971
0.010971
0.010971
0.010971
0.010971
0.010971
0.010971
0.010971
0.010970
0.010972
0.010971
0.009973
0.009974
0.010971
0.010971
0.010971
0.010971
0.010971
0.011968
0.010971
0.009973
0.010971
0.010971
0.009973
0.010971
0.010971
0.010971
0.010971
0.010971
0.009973
0.010971
0.010971
0.009973
0.010971
0.010970
0.010972
0.010970
0.010971
0.010971
0.010971
0.010971
0.010971
0.009974
0.010971
0.010971
0.010972
0.011968
0.010971
0.010971
0.010971
0.010972
0.010971
0.010971
0.009973
0.010971
0.010971
0.010971
0.011968
0.010971
0.010971
0.010970
0.010971
0.009342
0.015621
0.000000
0.000000
0.015621
0.015621
0.015621
0.015621
0.000000
0.000000
0.015621
0.015622
0.015621
0.015621
0.015622
0.000000
0.000000
0.015622
0.015622
0.015621
0.015622
0.000000
0.000000
0.015621
0.015621
0.015623
0.015620
0.000000
0.000000
0.015621
0.015621
0.015621
0.015622
0.015621
0.000000
0.000000
0.015621
0.015621
0.015621
0.015621
0.015621
0.000000
0.000000
0.015621
0.015621
0.015621
0.015621
0.015621
0.000000
0.015621
0.015621
0.015621
0.015621
0.015621
0.000000
0.000000
0.015621
0.015621
0.015622
0.015621
0.000000
0.000000
0.015621
0.015621
0.015622
0.015621
0.015621
0.000000
0.000000
0.015622
0.015621
0.015621
0.015621
0.015621
0.000000
0.000000
0.023746
0.011968
0.010971
0.010971
0.010971
0.009973
0.010971
0.010972
0.010970
0.010971
0.010971
0.010971
0.010971
0.009973
0.010971
0.010971
0.010971
0.010971
0.010970
0.010971
0.010971
0.010970
0.010971
0.010971
0.011968
0.010971
0.010971
0.010971
0.011969
0.010971
0.011968
0.010971
0.011969
0.010971
0.011968
0.010972
0.010971
0.010971
0.011968
0.010972
0.010971
0.010971
0.010970
0.010972
0.010971
0.010971
0.009973
0.010970
0.010971
0.010971
0.010971
0.010971
0.011968
0.010971
0.010970
0.010971
0.010971
0.010971
0.010971
0.010971
0.010970
0.010971
0.010971
0.010971
0.010971
0.010971
0.011968
0.010971
0.010971
0.010971
0.010970
0.010970
0.010971
0.010973
0.010970
0.010971
0.010970
0.010971
0.011968
0.010971
0.010971
0.011969
0.010971
0.011968
0.010971
0.011968
0.010971
0.010971
0.010971
0.010971
0.010970
0.010971
0.010971
0.011968
0.010971
0.010971
0.010971
0.010971
0.010971
0.010971
0.010971
0.010972
0.010971
0.009974
0.010971
0.010971
0.010972
0.010971
0.010971
0.010971
0.010970
0.010971
0.010971
0.011968
0.010970
0.010971
0.010971
0.010971
0.011968
0.010971
0.010971
0.010971
0.011968
0.010971
0.010971
0.010971
0.010971
0.010970
0.010971
0.011968
0.010971
0.010971
0.011968
0.010971
0.010971
0.011968
0.010971
0.010971
0.010970
0.010971
0.010971
0.011968
0.010971
0.011968
0.010971
0.011968
0.010970
0.010970
0.011968
0.010971
0.010971
0.010970
0.010971
0.010971
0.010971
0.010971
0.010971
0.010970
0.010971
0.010971
0.010971
0.011968
0.010971
0.010971
0.010971
0.009973
0.010970
0.010971
0.011968
0.010971
0.010971
0.010971
0.010971
0.010971
0.010970
0.010971
0.010971
0.010971
0.010971
0.010971
0.010971
0.011968
0.010970
0.010971
0.010971
0.010971
0.010971
0.010971
0.010971
0.010971
0.010971
0.010971
0.011968
0.010971
0.010970
0.010971
0.010971
0.010971
0.011968
0.010971
0.010971
0.010971
0.009973
0.010971
0.010971
0.010970
0.010971
0.010971
0.010971
0.010971
0.010971
0.010971
0.010970
0.010971
0.010970
0.010971
0.010971
0.010971
0.011968
0.010971
0.010971
0.010971
0.010971
0.011968
0.010971
0.010971
0.010971
0.010971
0.011967
0.010970
0.010971
0.010971
0.010971
0.010971
0.010970
0.011968
0.010971
0.010971
0.010971
0.010971
0.010972
0.011968
0.010971
0.010970
0.010971
0.010971
0.010971
0.010971
0.010971
0.010971
0.010971
0.010970
0.011968
0.010972
0.010971
0.010971
0.009973
0.010971
0.010971
0.010971
0.011968
0.010971
0.011968
0.010971
0.010971
0.010971
0.010971
0.010971
0.010971
0.010971
0.010971
0.010971
0.011968
0.010971
0.011968
0.010971
0.010971
0.010971
0.009974
0.010971
0.010971
0.011968
0.010971
0.010971
0.010971
0.010971
0.010971
0.010971
0.010971
0.010971
0.010971
0.010970
0.010970
0.010970
0.010971
0.010971
0.010971
0.010971
0.010971
0.010971
0.010972
0.009973
0.010970
0.010971
0.010972
0.010971
0.010971
0.009973
0.010971
0.010972
0.010971
0.010971
0.010971
0.010971
0.010971
0.010971
0.010970
0.010971
0.011968
0.010971
0.010971
0.010971
0.010971
0.010971
0.010971
0.010970
0.010971
0.010971
0.010971
0.010971
0.011969
0.010971
0.009973
0.010971
0.010971
0.010971
0.010971
0.010971
0.010971
0.010971
0.011968
0.010971
0.011968
0.010971
0.010971
0.010971
0.011968
0.010971
0.010971
0.011968
0.010971
0.010971
0.010971
0.010971
0.010971
0.010971
0.011968
0.010971
0.010971
0.010971
0.011968
0.010971
0.010971
0.010971
0.010971
0.010972
0.011968
0.010971
0.010971
0.010971
0.010971
0.010970
0.010970
0.010970
0.010971
0.011968
0.010970
0.011968
0.010970
0.010971
0.010971
0.011968
0.010970
0.010971
0.011968
0.010971
0.010971
0.011968
0.010971
0.010971
0.010971
0.010971
0.011968
0.010971
0.010972
0.011968
0.010971
0.010971
0.009973
0.010971
0.010971
0.011968
0.010970
0.010971
0.010971
0.011968
0.010970
0.011968
0.010970
0.010971
0.010971
0.010972
0.010971
0.010971
0.010971
0.011968
0.010971
0.010971
0.011968
0.010971
0.010971
0.010971
0.011968
0.010971
0.010971
0.010972
0.010971
0.010971
0.010971
0.010971
0.010970
0.010971
0.010971
0.010971
0.010970
0.010971
0.010971
0.010971
0.011968
0.010972
0.010971
0.010972
0.011968
0.010971
0.010971
0.010971
0.010971
0.010971
0.011969
0.010971
0.010971
0.010971
0.010971
0.010971
0.011968
0.010971
0.011968
0.010971
0.010971
0.010971
0.011968
0.010972
0.010971
0.010970
0.010971
0.010971
0.010971
0.011968
0.010971
0.011968
0.010971
0.010971
0.011968
0.010971
0.011968
0.010972
0.011969
0.010970
0.010971
0.010971
0.009973
0.011968
0.010972
0.010971
0.011968
0.010972
0.010971
0.010971
0.011968
0.010971
0.010971
0.010970
0.010971
0.010971
0.011968
0.010970
0.010971
0.010971
0.010971
0.010971
0.010971
0.010971
0.011969
0.010971
0.010971
0.010970
0.011968
0.010971
0.011968
0.010971
0.011968
0.010972
0.010971
0.010971
0.010972
0.011968
0.010971
0.010971
0.010971
0.011968
0.010971
0.011968
0.010971
0.010971
0.011968
0.010971
0.010971
0.010971
0.010971
0.011968
0.010971
0.010971
0.011969
0.010970
0.010971
0.011968
0.010971
0.010971
0.011969
0.010971
