F:\datasets\door_stair/resultVideos/SSD_mobilenet-door-6\
=========  F:\datasets\door_stair/resultVideos/SSD_mobilenet-door-6\   ===========
Chart path :  F:\datasets\door_stair/resultVideos/SSD_mobilenet-door-6\_chart
class -> F:\datasets\door_stair/resultVideos/SSD_mobilenet-door-6\opened_door.txt
PRECISION opened_door 0.7164750957854407 0.9400000000000006
RECALL opened_door 0.6658163265306123 0.0
F opened_door 0.5727411944869831 0.9400000000000006
Simple Recall 1.0 0.9400000000000006
Simple Precision 0.89272030651341 0.0
class -> F:\datasets\door_stair/resultVideos/SSD_mobilenet-door-6\closed_door.txt
PRECISION closed_door 0.3316582914572864 0.060000000000000005
RECALL closed_door 0.9074074074074074 0.0
F closed_door 0.43209876543209874 0.05
Simple Recall 1.0 0.060000000000000005
Simple Precision 0.35678391959798994 0.0
class -> F:\datasets\door_stair/resultVideos/SSD_mobilenet-door-6\elevator_door.txt
PRECISION elevator_door 0 0
RECALL elevator_door 0 0
F elevator_door -1.0 0
Simple Recall 0 0
Simple Precision 0 0

---- mAPs of   ---
opened_door 0.41796106311889597
closed_door 0.277230909891276
elevator_door 0.0
mAP: 0.23173065767005732



Prediction Speed 
Count => 911 
Sum => 10.305224 
Average => 0.011312 
variance => 0.000032 
stdev => 0.005643 
FPS => 88.4 


0.011968
0.011968
0.010971
0.010971
0.010971
0.010971
0.011968
0.010971
0.011968
0.010972
0.011968
0.010971
0.010970
0.010970
0.010970
0.010971
0.010971
0.010971
0.010971
0.010971
0.011968
0.010970
0.010970
0.010971
0.010971
0.010971
0.011968
0.010971
0.010972
0.010971
0.011969
0.011968
0.010971
0.010971
0.011969
0.011968
0.010971
0.010972
0.010971
0.010971
0.011968
0.010971
0.010971
0.010971
0.010971
0.010971
0.011968
0.010970
0.010971
0.010971
0.010971
0.011968
0.010971
0.010971
0.011969
0.010971
0.011968
0.010971
0.010973
0.011968
0.010971
0.010970
0.010971
0.010971
0.010971
0.011968
0.010971
0.010974
0.010970
0.010971
0.010971
0.010971
0.010971
0.010971
0.010971
0.010971
0.010970
0.010972
0.010972
0.010971
0.010971
0.010971
0.010971
0.010971
0.010971
0.010970
0.010971
0.010971
0.010971
0.010971
0.010971
0.010971
0.010973
0.009973
0.010970
0.010971
0.010970
0.010971
0.010971
0.011968
0.010971
0.010971
0.010971
0.010971
0.010970
0.010971
0.010972
0.010971
0.010971
0.010971
0.010971
0.010972
0.011968
0.010971
0.011968
0.010971
0.010971
0.010970
0.010971
0.011968
0.010971
0.010971
0.010970
0.010970
0.010971
0.010971
0.010971
0.010971
0.010971
0.010971
0.010971
0.010971
0.010970
0.010971
0.010971
0.010971
0.010971
0.011968
0.010971
0.010970
0.010971
0.010971
0.010970
0.010971
0.010971
0.010971
0.010971
0.010971
0.010971
0.011968
0.010971
0.010971
0.010971
0.010971
0.010971
0.011968
0.010971
0.010971
0.011968
0.010971
0.010971
0.010970
0.010971
0.010971
0.010971
0.011968
0.010971
0.010971
0.010971
0.011968
0.010971
0.011968
0.010971
0.011968
0.010969
0.011969
0.010971
0.010971
0.010971
0.010970
0.010971
0.010971
0.010971
0.010971
0.010971
0.010971
0.011968
0.010971
0.010971
0.011968
0.010971
0.010971
0.011969
0.010971
0.010971
0.010971
0.010971
0.010971
0.010971
0.010971
0.010971
0.010971
0.011968
0.010972
0.010971
0.011968
0.010971
0.010971
0.010971
0.011968
0.010971
0.010971
0.010971
0.011968
0.010971
0.010971
0.010971
0.011969
0.010971
0.010970
0.011968
0.010971
0.010971
0.010971
0.010971
0.010972
0.010971
0.010971
0.010971
0.010971
0.011968
0.010971
0.010971
0.010971
0.010971
0.010971
0.010971
0.011968
0.010971
0.010971
0.010971
0.011968
0.010971
0.010971
0.010971
0.010971
0.009974
0.010970
0.010972
0.010971
0.010971
0.010971
0.010972
0.011968
0.010971
0.010971
0.010972
0.011968
0.010970
0.010971
0.011968
0.010971
0.010971
0.011968
0.010971
0.010971
0.010971
0.010971
0.010970
0.011968
0.010972
0.010971
0.010971
0.010970
0.010971
0.010971
0.010971
0.010971
0.010971
0.010971
0.009973
0.010971
0.010971
0.010971
0.010971
0.011969
0.010971
0.010970
0.010971
0.010971
0.010971
0.010971
0.010971
0.010971
0.010971
0.010970
0.011968
0.010971
0.010971
0.010971
0.011968
0.010971
0.010971
0.011968
0.010972
0.010972
0.010972
0.010971
0.010971
0.010971
0.011968
0.010971
0.010971
0.010971
0.011968
0.010971
0.010970
0.010970
0.010971
0.010972
0.010971
0.010971
0.010971
0.010971
0.010970
0.010971
0.010971
0.010971
0.010971
0.009973
0.010970
0.010971
0.011968
0.010971
0.011968
0.010971
0.010972
0.010970
0.010971
0.010971
0.010971
0.009973
0.010971
0.010971
0.010971
0.010970
0.010971
0.010971
0.010970
0.010970
0.010971
0.010971
0.010971
0.010970
0.010970
0.010971
0.010970
0.011968
0.010970
0.011968
0.010971
0.011968
0.010971
0.011968
0.010971
0.011968
0.010971
0.011968
0.010971
0.010972
0.010970
0.010971
0.010971
0.010971
0.010971
0.010971
0.011968
0.010971
0.010971
0.010970
0.011968
0.010971
0.010971
0.010971
0.010972
0.011968
0.010971
0.011968
0.010971
0.011969
0.010971
0.010972
0.010971
0.010971
0.011968
0.010972
0.011968
0.010971
0.011968
0.011969
0.010971
0.010970
0.011968
0.010971
0.010972
0.011968
0.010971
0.010971
0.011968
0.010971
0.010971
0.010971
0.010971
0.010971
0.010971
0.011968
0.010971
0.010971
0.010971
0.010971
0.010971
0.010971
0.009973
0.009974
0.010971
0.010971
0.010971
0.010971
0.010971
0.010972
0.010970
0.010971
0.010971
0.010972
0.010971
0.010971
0.010971
0.010971
0.010971
0.011968
0.010971
0.010971
0.011968
0.010971
0.010971
0.010971
0.010972
0.010971
0.010971
0.010970
0.010971
0.010970
0.010971
0.011968
0.010971
0.011968
0.010970
0.010971
0.011968
0.010971
0.010971
0.010972
0.010971
0.010971
0.010971
0.010972
0.010971
0.010971
0.010971
0.010971
0.010972
0.010971
0.010971
0.010971
0.010970
0.010971
0.010972
0.010971
0.010971
0.010970
0.010972
0.010971
0.010971
0.010971
0.010971
0.010971
0.010971
0.010971
0.010970
0.010971
0.010971
0.010971
0.010971
0.010972
0.010971
0.010972
0.010971
0.011968
0.010972
0.010971
0.010971
0.011968
0.010971
0.010970
0.010972
0.010971
0.010973
0.010971
0.010971
0.010970
0.010971
0.010971
0.009973
0.010971
0.010971
0.011968
0.010971
0.010971
0.000000
0.015622
0.015621
0.015621
0.015621
0.015621
0.015622
0.000000
0.000000
0.015622
0.015621
0.015621
0.015621
0.000000
0.000000
0.015622
0.015620
0.015621
0.015621
0.015621
0.000000
0.000000
0.000000
0.015621
0.015622
0.015621
0.015621
0.015622
0.000000
0.000000
0.015621
0.015622
0.015621
0.015622
0.171834
0.000000
0.015622
0.015621
0.015621
0.015622
0.015621
0.000000
0.000000
0.015621
0.015621
0.015622
0.015621
0.015621
0.015621
0.000000
0.000000
0.015620
0.015621
0.015621
0.015622
0.015621
0.000000
0.000000
0.015621
0.015621
0.015621
0.019732
0.010971
0.010972
0.011968
0.010971
0.010972
0.010970
0.010971
0.010971
0.010971
0.010971
0.011969
0.010971
0.010971
0.010971
0.010971
0.011968
0.010972
0.010971
0.010971
0.010971
0.010971
0.010971
0.011968
0.010971
0.010971
0.010971
0.010971
0.010970
0.010971
0.010972
0.010972
0.010971
0.010971
0.010971
0.010971
0.010971
0.010971
0.010970
0.010971
0.011968
0.010971
0.010971
0.010970
0.010971
0.010971
0.010971
0.011968
0.011968
0.010971
0.010972
0.010971
0.010970
0.010971
0.010971
0.010970
0.010971
0.010971
0.010971
0.010970
0.010971
0.010971
0.011968
0.010971
0.010971
0.010970
0.010972
0.010971
0.011968
0.010971
0.010971
0.010971
0.011968
0.010971
0.011968
0.010971
0.010971
0.010970
0.010971
0.010971
0.011968
0.010971
0.011968
0.010971
0.010971
0.010971
0.010970
0.010971
0.011968
0.010971
0.010971
0.011968
0.010970
0.010971
0.010971
0.011968
0.010971
0.010972
0.010972
0.010971
0.010970
0.010971
0.010971
0.010972
0.010971
0.011968
0.010971
0.010972
0.010971
0.010972
0.010970
0.010971
0.010971
0.011968
0.010971
0.011968
0.010971
0.010971
0.010971
0.011968
0.010971
0.011968
0.010971
0.011968
0.011968
0.012966
0.012965
0.012966
0.010971
0.010971
0.010971
0.010971
0.010971
0.011968
0.010970
0.011968
0.010971
0.010971
0.010971
0.010971
0.011968
0.010971
0.010971
0.010971
0.010971
0.010971
0.010971
0.010971
0.010971
0.010971
0.010971
0.010971
0.010970
0.010971
0.010971
0.011968
0.010972
0.010971
0.010970
0.010971
0.010971
0.010971
0.010971
0.010970
0.010971
0.010971
0.010971
0.010971
0.011968
0.010971
0.010971
0.011968
0.010970
0.010971
0.010972
0.010971
0.010971
0.010971
0.011968
0.010971
0.010972
0.009973
0.010970
0.010971
0.010971
0.011968
0.010971
0.010971
0.010971
0.010971
0.011968
0.010971
0.010971
0.010971
0.010970
0.010971
0.010971
0.010971
0.011968
0.010971
0.010971
0.010971
0.010970
0.011968
0.010971
0.010971
0.010971
0.011968
0.010971
0.010970
0.011968
0.010971
0.010971
0.010970
0.010971
0.010971
0.010971
0.010970
0.010972
0.011968
0.010971
0.011968
0.010971
0.010971
0.010971
0.010971
0.010971
0.010971
0.010971
0.011968
0.010971
0.010971
0.011968
0.010971
0.010971
0.010971
0.010971
0.010971
0.010971
0.010972
0.010971
0.010972
0.010970
0.010971
0.010971
0.011968
0.010971
0.010971
0.010971
0.010971
0.010971
0.010971
0.010971
0.011968
0.010972
0.010971
0.010971
0.011968
0.010970
0.010971
0.010971
0.010971
0.010971
0.010970
0.010971
0.010970
0.010971
0.011969
0.010970
0.011968
0.010971
0.011968
0.010971
0.010971
0.011968
0.010971
0.011968
0.010971
0.010972
0.010971
0.009973
0.010971
0.010971
0.011968
0.010971
0.010971
0.010971
0.010971
0.010971
0.010971
0.010971
0.010971
0.010971
0.010971
0.009974
0.010971
0.010971
0.010971
0.010970
0.010971
0.010971
0.010971
0.010971
0.010971
0.011969
0.010972
0.010971
0.010971
0.010971
0.010971
0.010971
0.010971
0.010971
0.010971
0.010971
0.010971
0.010971
0.010971
0.010971
0.011968
0.010971
0.010971
0.010971
0.010971
0.009973
0.010971
0.010971
0.010971
0.010971
0.010971
0.010971
0.010971
