F:\datasets\door_stair/resultVideos/SSD_mobilenet-door-5\
=========  F:\datasets\door_stair/resultVideos/SSD_mobilenet-door-5\   ===========
Chart path :  F:\datasets\door_stair/resultVideos/SSD_mobilenet-door-5\_chart
class -> F:\datasets\door_stair/resultVideos/SSD_mobilenet-door-5\opened_door.txt
PRECISION opened_door 0.06351665375677769 0.15
RECALL opened_door 0.941747572815534 0.0
F opened_door 0.11764705882352941 0.15
Simple Recall 1.0 0.16
Simple Precision 0.07946498819826908 0.0
class -> F:\datasets\door_stair/resultVideos/SSD_mobilenet-door-5\closed_door.txt
PRECISION closed_door 0.5555555555555556 0.9000000000000006
RECALL closed_door 0.9724409448818898 0.0
F closed_door 0.4675324675324675 0.26000000000000006
Simple Recall 1.0 0.9000000000000006
Simple Precision 0.5555555555555556 0.0
class -> F:\datasets\door_stair/resultVideos/SSD_mobilenet-door-5\elevator_door.txt
PRECISION elevator_door 1.0 0.6700000000000004
RECALL elevator_door 0.9333333333333333 0.0
F elevator_door 0.7986577181208053 0.04
Simple Recall 1.0 0.6700000000000004
Simple Precision 1.0 0.0

---- mAPs of   ---
opened_door 0.05882228803223461
closed_door 0.3905423067678317
elevator_door 0.8190756053156345
mAP: 0.422813400038567



Prediction Speed 
Count => 1532 
Sum => 16.917885 
Average => 0.011043 
variance => 0.000008 
stdev => 0.002893 
FPS => 90.6 


0.010971
0.010971
0.010971
0.011968
0.010971
0.011968
0.010971
0.010970
0.010971
0.010971
0.010971
0.011968
0.010970
0.010971
0.011968
0.010971
0.010972
0.011968
0.010971
0.010971
0.011968
0.010971
0.010971
0.011968
0.010970
0.011968
0.010971
0.011968
0.010971
0.010972
0.010971
0.010971
0.010971
0.010970
0.010971
0.010971
0.011968
0.010971
0.010971
0.010971
0.010971
0.011968
0.010971
0.010971
0.011968
0.011968
0.010971
0.010971
0.011969
0.010971
0.010971
0.010971
0.010970
0.010971
0.011968
0.010972
0.010971
0.010971
0.010971
0.010971
0.010971
0.010971
0.010971
0.010970
0.010971
0.010972
0.009972
0.010971
0.010971
0.010970
0.010971
0.010971
0.010971
0.010972
0.010971
0.010971
0.010971
0.010971
0.011968
0.010971
0.010971
0.011968
0.010971
0.010971
0.010971
0.010970
0.010971
0.010971
0.010971
0.010971
0.010970
0.010970
0.010971
0.010971
0.010970
0.010971
0.010971
0.011968
0.010971
0.010971
0.011968
0.010971
0.010971
0.010971
0.010970
0.010971
0.010971
0.010971
0.010971
0.010971
0.011968
0.010971
0.010971
0.010970
0.010971
0.010971
0.010971
0.010971
0.010971
0.010971
0.010971
0.010971
0.010971
0.010971
0.010971
0.010971
0.010971
0.010971
0.010971
0.010971
0.011968
0.010971
0.010971
0.011968
0.010971
0.010971
0.010970
0.010971
0.010971
0.010971
0.011968
0.010971
0.011968
0.010971
0.010971
0.011968
0.010971
0.010971
0.011968
0.010971
0.010971
0.010971
0.010970
0.010971
0.010972
0.011968
0.010971
0.010970
0.010970
0.010971
0.010972
0.011968
0.010972
0.011968
0.010971
0.010971
0.010971
0.011968
0.010971
0.010971
0.011968
0.011968
0.010970
0.010971
0.010971
0.011968
0.010971
0.010971
0.010971
0.010971
0.011968
0.010971
0.010971
0.012966
0.010971
0.004021
0.015621
0.015622
0.015621
0.000000
0.000000
0.015621
0.015621
0.015622
0.015621
0.000000
0.000000
0.015621
0.015621
0.015622
0.015621
0.015621
0.000000
0.000000
0.015621
0.015621
0.015621
0.015621
0.015622
0.000000
0.015621
0.015622
0.015621
0.015622
0.015620
0.000000
0.000000
0.015621
0.015622
0.015621
0.015621
0.015621
0.000000
0.015622
0.023748
0.010971
0.010971
0.011968
0.010971
0.010971
0.010971
0.010971
0.010971
0.009973
0.010971
0.010971
0.010971
0.010971
0.010971
0.010971
0.010971
0.010972
0.010971
0.010971
0.010971
0.010971
0.010971
0.010971
0.010971
0.010971
0.010971
0.010971
0.010971
0.009973
0.010971
0.010971
0.010971
0.010971
0.010971
0.010970
0.010971
0.010971
0.011968
0.010971
0.010971
0.010971
0.011968
0.010971
0.010971
0.010971
0.010971
0.010971
0.010971
0.010971
0.010971
0.010971
0.010971
0.010971
0.010971
0.010971
0.011968
0.010971
0.010972
0.010970
0.010971
0.010971
0.011969
0.010971
0.010971
0.010971
0.011968
0.010971
0.010971
0.011968
0.010971
0.010971
0.011968
0.010971
0.010971
0.011968
0.010971
0.010971
0.010971
0.010972
0.010971
0.010971
0.010971
0.009973
0.010971
0.010971
0.010971
0.010971
0.010971
0.010971
0.010971
0.011968
0.010971
0.010971
0.010971
0.010971
0.010971
0.010971
0.010971
0.010971
0.011968
0.010971
0.010972
0.010971
0.010971
0.010971
0.009973
0.009973
0.010971
0.010971
0.010971
0.002059
0.015621
0.015621
0.015622
0.000000
0.000000
0.015622
0.015620
0.015622
0.015622
0.000000
0.000000
0.015621
0.015623
0.015620
0.015622
0.000000
0.000000
0.015622
0.015621
0.015621
0.015621
0.000000
0.000000
0.015621
0.015621
0.015621
0.015621
0.000000
0.000000
0.015621
0.015622
0.015621
0.015621
0.000000
0.000000
0.015622
0.015621
0.015621
0.015621
0.000000
0.010970
0.010971
0.010971
0.011968
0.010971
0.010971
0.010971
0.011968
0.010971
0.011968
0.010971
0.010971
0.010971
0.010971
0.010971
0.009974
0.010970
0.010971
0.010971
0.010972
0.010971
0.010971
0.009973
0.009973
0.009974
0.010971
0.010971
0.011968
0.010971
0.010971
0.010972
0.010970
0.011968
0.010971
0.011968
0.009973
0.010971
0.010971
0.010971
0.010971
0.010971
0.010971
0.010971
0.010971
0.010971
0.010971
0.010970
0.010971
0.010971
0.010971
0.010971
0.011968
0.010971
0.010971
0.010970
0.011968
0.010971
0.010972
0.009973
0.010971
0.010971
0.010971
0.010971
0.010971
0.011968
0.010971
0.010971
0.010971
0.011968
0.010971
0.010971
0.010971
0.010971
0.010971
0.010971
0.010971
0.010971
0.010971
0.010971
0.010970
0.010971
0.010971
0.010971
0.010970
0.010971
0.010971
0.010971
0.010971
0.010972
0.009973
0.009973
0.010970
0.010971
0.009974
0.009973
0.010970
0.010971
0.010971
0.010971
0.010971
0.010971
0.010971
0.010972
0.010971
0.010971
0.010971
0.009973
0.009973
0.010971
0.010971
0.010971
0.010971
0.009973
0.010971
0.010971
0.010971
0.010971
0.010972
0.010971
0.011968
0.010971
0.010971
0.010971
0.010971
0.010971
0.010971
0.010971
0.009973
0.010971
0.010971
0.010971
0.010971
0.010971
0.010971
0.011968
0.010971
0.010971
0.010971
0.010971
0.010971
0.010971
0.010971
0.010971
0.011968
0.010971
0.010971
0.010972
0.010971
0.010971
0.010971
0.010971
0.010971
0.010971
0.010970
0.010971
0.010971
0.010971
0.010971
0.010971
0.011968
0.010971
0.010971
0.010971
0.010971
0.009973
0.010971
0.010970
0.010971
0.010971
0.010971
0.010972
0.010970
0.011968
0.010970
0.010971
0.010971
0.010971
0.010971
0.010971
0.010971
0.010971
0.010971
0.010971
0.010971
0.010971
0.010971
0.010971
0.010971
0.010971
0.010971
0.010971
0.009973
0.010971
0.010972
0.010970
0.010970
0.010971
0.010971
0.010971
0.010971
0.011968
0.010970
0.010971
0.010971
0.010971
0.010971
0.011968
0.010971
0.010971
0.010971
0.010970
0.010971
0.010970
0.010971
0.010971
0.010971
0.010970
0.010971
0.010971
0.010971
0.010971
0.009973
0.010972
0.010971
0.010970
0.010971
0.010971
0.010971
0.010970
0.010971
0.010970
0.010971
0.010971
0.010971
0.010971
0.009973
0.010970
0.010971
0.010972
0.010971
0.010971
0.011968
0.010971
0.010971
0.011968
0.010971
0.010971
0.010971
0.010970
0.010971
0.010971
0.010972
0.010971
0.010972
0.011968
0.010971
0.011968
0.010971
0.010971
0.011967
0.010971
0.010971
0.010971
0.010971
0.010971
0.010971
0.010971
0.010971
0.010971
0.010971
0.010971
0.010971
0.010971
0.011968
0.009973
0.010970
0.010971
0.010971
0.010971
0.010971
0.010971
0.011968
0.010971
0.010971
0.011968
0.010971
0.010971
0.010971
0.011968
0.010971
0.010971
0.010971
0.010970
0.010971
0.010972
0.011968
0.010971
0.010971
0.010971
0.010971
0.010971
0.010971
0.010971
0.010971
0.010971
0.010971
0.010971
0.010971
0.010971
0.010971
0.010971
0.010971
0.010971
0.011968
0.010971
0.010971
0.010971
0.010971
0.010971
0.010971
0.010971
0.010973
0.010971
0.010971
0.010971
0.010971
0.010971
0.010971
0.010971
0.010971
0.010971
0.010971
0.010971
0.010971
0.009974
0.011969
0.010971
0.010971
0.010971
0.010970
0.010970
0.012965
0.011968
0.011969
0.011968
0.011967
0.010970
0.010971
0.010971
0.011968
0.010971
0.010971
0.010971
0.010971
0.011968
0.010970
0.010971
0.010971
0.010970
0.010971
0.010971
0.011968
0.010971
0.010972
0.011968
0.010970
0.010971
0.010971
0.011968
0.010971
0.010971
0.010971
0.010971
0.010971
0.010970
0.010971
0.010971
0.010972
0.011968
0.004105
0.015621
0.015622
0.015622
0.000000
0.015621
0.015621
0.015621
0.015623
0.015619
0.000000
0.000000
0.015621
0.015622
0.015621
0.015621
0.015622
0.000000
0.000000
0.015621
0.015621
0.015621
0.015622
0.000000
0.000000
0.015621
0.015621
0.015622
0.015621
0.015621
0.000000
0.015622
0.015620
0.015621
0.015622
0.015621
0.000000
0.000000
0.015621
0.015621
0.015621
0.015622
0.015621
0.000000
0.000000
0.015621
0.015622
0.015621
0.015621
0.000000
0.000000
0.015622
0.015620
0.015621
0.015621
0.015621
0.000000
0.000000
0.015620
0.015622
0.015621
0.015622
0.000000
0.000000
0.015621
0.015621
0.015622
0.015621
0.000000
0.000000
0.015620
0.015621
0.015622
0.015621
0.000000
0.000000
0.015621
0.022149
0.010971
0.010970
0.010971
0.010971
0.010971
0.010971
0.010971
0.010971
0.010971
0.010971
0.010970
0.011968
0.010971
0.010971
0.010971
0.011968
0.010971
0.009973
0.009973
0.010971
0.010971
0.010971
0.010971
0.011968
0.010971
0.010971
0.011969
0.010971
0.010970
0.011968
0.011968
0.010971
0.010971
0.010971
0.010970
0.010971
0.010971
0.010971
0.010971
0.010971
0.010971
0.011968
0.010971
0.010971
0.010971
0.010971
0.010971
0.010970
0.010971
0.010970
0.010971
0.010971
0.010971
0.011968
0.010971
0.010971
0.010971
0.010971
0.010971
0.009973
0.009973
0.009973
0.009973
0.009973
0.011968
0.010971
0.010971
0.010971
0.010971
0.010971
0.010971
0.010971
0.011968
0.010971
0.010971
0.010971
0.010971
0.011968
0.010971
0.010972
0.010971
0.011969
0.010971
0.010971
0.010971
0.010971
0.010970
0.010970
0.011968
0.010971
0.010971
0.010972
0.010971
0.009973
0.010971
0.010971
0.010971
0.009973
0.010971
0.010973
0.010971
0.011970
0.010972
0.010971
0.010971
0.010971
0.010971
0.010971
0.010971
0.010971
0.011968
0.010971
0.010971
0.010971
0.010972
0.010971
0.011968
0.010971
0.011968
0.010971
0.010972
0.011968
0.010971
0.010971
0.010971
0.010971
0.011968
0.010971
0.010970
0.011968
0.011968
0.011968
0.011968
0.010970
0.010971
0.010971
0.011968
0.010971
0.010971
0.010971
0.010971
0.010971
0.010970
0.010970
0.011968
0.011968
0.010971
0.010971
0.011968
0.011968
0.011968
0.011968
0.010971
0.010971
0.011968
0.010971
0.011968
0.010971
0.010971
0.010971
0.010971
0.010970
0.010970
0.010971
0.011968
0.010970
0.010971
0.010970
0.010971
0.010971
0.009974
0.010971
0.010971
0.009975
0.010970
0.009974
0.010971
0.010971
0.010971
0.011968
0.010970
0.010971
0.010971
0.011968
0.010971
0.011968
0.010971
0.010971
0.011968
0.010971
0.011968
0.010970
0.010971
0.010971
0.010971
0.010971
0.010971
0.010971
0.011968
0.010971
0.010971
0.010971
0.010971
0.010971
0.010971
0.010971
0.010971
0.010971
0.010970
0.010971
0.010971
0.010971
0.010970
0.010970
0.010970
0.010970
0.011968
0.010972
0.010971
0.010970
0.011968
0.010971
0.010971
0.010971
0.002110
0.015621
0.015621
0.015621
0.000000
0.000000
0.015621
0.015621
0.015621
0.015621
0.000000
0.000000
0.015622
0.015621
0.015621
0.015621
0.015622
0.000000
0.000000
0.015621
0.015621
0.015621
0.015622
0.000000
0.000000
0.015622
0.015621
0.015621
0.015622
0.000000
0.000000
0.015621
0.015621
0.015621
0.015622
0.015621
0.000000
0.000000
0.015622
0.015622
0.015620
0.015621
0.000000
0.000000
0.015621
0.015622
0.015621
0.015622
0.015621
0.000000
0.000000
0.015621
0.015621
0.015622
0.015621
0.015621
0.000000
0.000000
0.015622
0.015621
0.015621
0.015621
0.015621
0.000000
0.000000
0.000000
0.015621
0.015621
0.015621
0.015622
0.015621
0.000000
0.000000
0.015621
0.015621
0.015621
0.019792
0.010971
0.010971
0.010971
0.010971
0.010971
0.010971
0.011968
0.010971
0.011968
0.010971
0.010971
0.010971
0.010971
0.010971
0.010971
0.010971
0.010971
0.010972
0.010971
0.010971
0.010971
0.011968
0.010971
0.010971
0.010971
0.010971
0.010970
0.010971
0.010971
0.011968
0.010971
0.010971
0.010971
0.010971
0.010971
0.010971
0.010971
0.010971
0.010971
0.010971
0.010971
0.010971
0.010971
0.010970
0.011968
0.010971
0.010971
0.010971
0.009973
0.010971
0.010971
0.010971
0.010970
0.010971
0.010971
0.010971
0.011968
0.010971
0.010971
0.010971
0.010971
0.011968
0.010970
0.010971
0.010971
0.010971
0.010972
0.010971
0.010971
0.010971
0.010971
0.010971
0.010971
0.003118
0.021377
0.010971
0.010970
0.010971
0.010971
0.010970
0.010971
0.010970
0.010971
0.010971
0.010971
0.010971
0.010971
0.010971
0.010970
0.010971
0.010972
0.011968
0.010972
0.010971
0.010971
0.010970
0.010971
0.010971
0.010971
0.010971
0.010970
0.010971
0.010971
0.010971
0.010970
0.010971
0.010971
0.010971
0.010970
0.010971
0.010971
0.010971
0.010970
0.010971
0.010970
0.010971
0.010971
0.010971
0.010970
0.010971
0.010971
0.011968
0.010971
0.010971
0.011968
0.010971
0.010971
0.011968
0.010971
0.010970
0.010971
0.010971
0.010971
0.009974
0.010971
0.010971
0.010972
0.010971
0.010971
0.011969
0.010971
0.010971
0.010971
0.010971
0.011968
0.010972
0.010971
0.010970
0.010971
0.010971
0.009973
0.010970
0.010971
0.010971
0.010970
0.010971
0.010971
0.011968
0.010971
0.010972
0.010971
0.010971
0.010971
0.010970
0.010971
0.010971
0.010971
0.010971
0.010971
0.010972
0.010971
0.010971
0.010971
0.010971
0.010971
0.010971
0.010971
0.010970
0.010972
0.010971
0.011968
0.010971
0.010971
0.010971
0.010971
0.010970
0.010971
0.010971
0.010972
0.009974
0.010971
0.010971
0.010971
0.010971
0.010971
0.010971
0.010971
0.010971
0.010971
0.010971
0.009973
0.010971
0.010971
0.010971
0.010971
0.011968
0.010971
0.010971
0.010971
0.010972
0.010971
0.009973
0.009973
0.010971
0.010971
0.010971
0.010971
0.010971
0.010971
0.010971
0.010971
0.010971
0.010971
0.010971
0.010971
0.010971
0.010971
0.010971
0.010970
0.010971
0.010971
0.009974
0.009973
0.010971
0.010971
0.010971
0.010971
0.010971
0.010971
0.010971
0.010971
0.010971
0.010971
0.010971
0.010971
0.010971
0.009974
0.010971
0.010971
0.010971
0.010971
0.010971
0.010971
0.010971
0.010971
0.009973
0.010971
0.010971
0.010971
0.009974
0.010970
0.010971
0.010971
0.010971
0.011969
0.010971
0.011968
0.010971
0.010971
0.010971
0.010971
0.010971
0.010971
0.009973
0.010971
0.010971
0.010971
0.011968
0.010971
0.010971
0.010971
0.010971
0.010971
0.010970
0.010971
0.010971
0.010971
0.010971
0.010971
0.010971
0.010971
0.010970
0.010971
0.010971
0.010971
0.010971
0.010970
0.010971
0.011968
0.010971
0.003565
0.020736
0.010970
0.010971
0.010972
0.010971
0.010971
0.010971
0.010971
0.011968
0.010971
0.010971
0.010971
0.011968
0.010971
0.010971
0.010971
0.010971
0.010971
0.010971
0.010971
0.010972
0.010971
0.010971
0.010971
0.009973
0.009973
0.010971
0.010971
0.010972
0.010971
0.010971
0.010970
0.010971
0.010971
0.010971
0.010971
0.010971
0.010971
0.009974
0.010970
0.011968
0.011968
0.010972
0.010971
0.010971
0.010971
0.010971
0.010971
0.010972
0.010971
0.010971
0.010971
0.010972
0.009973
0.010971
0.010971
0.010971
0.010971
0.010971
0.010971
0.010971
0.011968
0.010971
0.010971
0.010971
0.010971
0.010971
0.010971
0.010971
0.010971
0.010971
0.010971
0.010970
0.010971
0.010970
0.010971
0.010971
0.010971
0.011968
0.010971
0.011968
0.010971
0.010971
0.010971
0.010971
0.010971
0.010971
0.010971
0.010970
0.010971
0.010970
0.010971
0.010971
0.010971
0.010971
0.010971
0.011968
