F:\datasets\door_stair/resultVideos/SSD_Inception-door-2\
=========  F:\datasets\door_stair/resultVideos/SSD_Inception-door-2\   ===========
Chart path :  F:\datasets\door_stair/resultVideos/SSD_Inception-door-2\_chart
class -> F:\datasets\door_stair/resultVideos/SSD_Inception-door-2\opened_door.txt
PRECISION opened_door 0.22709163346613545 0.9300000000000006
RECALL opened_door 1.0 0.0
F opened_door 0.3348214285714286 0.8400000000000005
Simple Recall 1.0 0.9300000000000006
Simple Precision 0.23904382470119523 0.0
class -> F:\datasets\door_stair/resultVideos/SSD_Inception-door-2\closed_door.txt
PRECISION closed_door 0.21951219512195122 0.9400000000000006
RECALL closed_door 0.3096085409252669 0.0
F closed_door 0.17516339869281047 0.03
Simple Recall 1.0 0.10999999999999999
Simple Precision 0.5673758865248227 0.0
class -> F:\datasets\door_stair/resultVideos/SSD_Inception-door-2\elevator_door.txt
PRECISION elevator_door 0.6162790697674418 0.6500000000000004
RECALL elevator_door 0.5766423357664233 0.0
F elevator_door 0.4962406015037594 0.09999999999999999
Simple Recall 0.927007299270073 0.6500000000000004
Simple Precision 0.6162790697674418 0.0

---- mAPs of   ---
opened_door 0.2121117377166744
closed_door 0.04409165619944277
elevator_door 0.3224355636019133
mAP: 0.19287965250601014



Prediction Speed 
Count => 1090 
Sum => 16.171303 
Average => 0.014836 
variance => 0.000001 
stdev => 0.001198 
FPS => 67.4 


0.014960
0.014961
0.014960
0.014960
0.014961
0.013962
0.014960
0.013963
0.014960
0.014960
0.013963
0.014960
0.014960
0.013963
0.014960
0.013963
0.014960
0.013963
0.014960
0.013963
0.014960
0.013963
0.014960
0.013963
0.014960
0.014961
0.013962
0.014960
0.014960
0.013963
0.014962
0.013963
0.014960
0.014960
0.014960
0.014960
0.014960
0.014960
0.014960
0.014960
0.014960
0.014961
0.013963
0.014960
0.014960
0.013964
0.013963
0.014961
0.014961
0.014960
0.014960
0.014960
0.014960
0.014961
0.014960
0.014962
0.014960
0.014960
0.015957
0.014960
0.014960
0.014960
0.014960
0.014960
0.014960
0.014961
0.014960
0.013963
0.014960
0.014960
0.014960
0.014961
0.014960
0.014960
0.014960
0.014960
0.013963
0.014961
0.014960
0.014960
0.014960
0.014960
0.014960
0.014960
0.014960
0.014961
0.014960
0.014961
0.014961
0.014960
0.014960
0.014960
0.014960
0.014960
0.014961
0.014960
0.014960
0.014960
0.014960
0.014961
0.014960
0.014961
0.013962
0.013962
0.013963
0.014960
0.014961
0.014960
0.014960
0.014960
0.014960
0.014960
0.014960
0.014961
0.014960
0.013963
0.014960
0.014960
0.014961
0.014960
0.014960
0.014961
0.014960
0.014961
0.014960
0.014961
0.013963
0.013962
0.013962
0.013962
0.014960
0.013963
0.014959
0.014960
0.014960
0.014960
0.014960
0.014961
0.014961
0.014961
0.014960
0.014961
0.014960
0.014960
0.014960
0.014960
0.014961
0.014959
0.014961
0.014961
0.014960
0.014960
0.014960
0.014960
0.014960
0.014960
0.014960
0.014960
0.014960
0.013963
0.013963
0.013963
0.013963
0.014960
0.014960
0.014960
0.014960
0.013963
0.014960
0.014960
0.014960
0.014961
0.014960
0.014961
0.014960
0.014960
0.014960
0.014960
0.014960
0.013963
0.013963
0.014960
0.013963
0.014960
0.014960
0.014960
0.014960
0.014960
0.014960
0.014960
0.014960
0.014961
0.014960
0.014960
0.014961
0.014960
0.014960
0.014961
0.014960
0.014960
0.014961
0.014960
0.014960
0.014960
0.014960
0.014960
0.013963
0.014960
0.014960
0.014961
0.014960
0.014960
0.014960
0.014960
0.014961
0.014961
0.014960
0.014960
0.014960
0.014961
0.014960
0.014960
0.014960
0.014961
0.014960
0.014961
0.014960
0.013962
0.014960
0.013963
0.014960
0.014961
0.014960
0.014960
0.013963
0.014960
0.014960
0.014960
0.014960
0.014961
0.014961
0.014961
0.014960
0.014960
0.013964
0.013963
0.014961
0.014961
0.014961
0.014960
0.013962
0.013964
0.014960
0.013962
0.014960
0.014960
0.014961
0.014960
0.014960
0.014961
0.014961
0.014961
0.014960
0.014960
0.014960
0.014960
0.014960
0.014961
0.014960
0.014960
0.014960
0.014960
0.014960
0.014960
0.014960
0.014960
0.014960
0.013963
0.014960
0.014960
0.013963
0.013963
0.014960
0.014961
0.014961
0.014960
0.014960
0.014961
0.014960
0.013963
0.014961
0.013963
0.013963
0.014961
0.014961
0.014960
0.014960
0.014960
0.014960
0.014960
0.013963
0.013964
0.013962
0.013963
0.013963
0.013963
0.014960
0.014960
0.013963
0.013963
0.013964
0.013963
0.014960
0.014961
0.014960
0.014960
0.014960
0.014960
0.014961
0.014960
0.014960
0.014961
0.014960
0.015958
0.014960
0.013963
0.013963
0.014961
0.014960
0.014960
0.014960
0.014961
0.013963
0.013962
0.013963
0.013963
0.014961
0.014960
0.014961
0.014960
0.014960
0.014960
0.013963
0.014960
0.014960
0.014961
0.013963
0.014960
0.014961
0.014960
0.014960
0.014961
0.014961
0.014960
0.014961
0.014960
0.014960
0.014960
0.014961
0.014960
0.013964
0.014960
0.014961
0.014960
0.014960
0.014960
0.014960
0.013963
0.013963
0.013963
0.014960
0.014960
0.014960
0.014960
0.013963
0.013963
0.013964
0.013963
0.013963
0.014960
0.014960
0.013963
0.013963
0.014961
0.014960
0.013962
0.014960
0.014960
0.014961
0.013963
0.014960
0.014960
0.014960
0.014961
0.014960
0.014960
0.013963
0.014960
0.014960
0.014960
0.014961
0.014961
0.014960
0.014960
0.014960
0.014960
0.014960
0.014960
0.014960
0.014960
0.001106
0.000000
0.015621
0.015622
0.015621
0.015621
0.015622
0.015621
0.015622
0.025795
0.014960
0.014961
0.014960
0.013963
0.014960
0.013963
0.013963
0.013963
0.013963
0.013963
0.013964
0.014961
0.014961
0.014960
0.014960
0.013964
0.013963
0.013963
0.013963
0.014961
0.014960
0.014960
0.014960
0.013963
0.013963
0.013963
0.013963
0.013963
0.014960
0.015958
0.015957
0.014960
0.014960
0.014960
0.014960
0.014960
0.014960
0.014961
0.014960
0.014960
0.013963
0.013963
0.014960
0.014960
0.014960
0.014960
0.014960
0.014960
0.014960
0.014960
0.014960
0.013963
0.013962
0.013963
0.014960
0.014960
0.013963
0.014960
0.014960
0.014961
0.014960
0.014961
0.014960
0.014960
0.013963
0.013963
0.013963
0.013963
0.014960
0.014960
0.014960
0.014960
0.014960
0.014960
0.014961
0.014960
0.013963
0.013962
0.014960
0.014961
0.014960
0.014960
0.014960
0.014960
0.014961
0.014961
0.014960
0.014960
0.013963
0.014960
0.014960
0.014961
0.014961
0.014960
0.014960
0.014960
0.014960
0.014960
0.014960
0.014960
0.014960
0.014960
0.013963
0.013963
0.013962
0.014961
0.013963
0.014961
0.014960
0.014962
0.014960
0.014960
0.014960
0.013962
0.014961
0.014961
0.015957
0.014960
0.014960
0.014960
0.014960
0.014961
0.014960
0.014960
0.014960
0.014960
0.014960
0.014961
0.014960
0.014960
0.014960
0.014960
0.015958
0.014961
0.014960
0.014960
0.014961
0.014960
0.014960
0.015958
0.013963
0.013964
0.014961
0.014960
0.014960
0.014960
0.014960
0.014960
0.014960
0.014961
0.014960
0.014960
0.014960
0.014960
0.014960
0.014960
0.014961
0.014960
0.014961
0.014960
0.014961
0.014960
0.014960
0.014960
0.014960
0.014961
0.014960
0.014960
0.014960
0.014960
0.014960
0.014960
0.014961
0.014961
0.014960
0.005058
0.015621
0.015621
0.015622
0.015622
0.015621
0.015621
0.015622
0.015622
0.015621
0.015622
0.015621
0.015622
0.015621
0.015622
0.015621
0.031245
0.015620
0.015621
0.015621
0.015621
0.015621
0.015621
0.031244
0.015621
0.015622
0.015620
0.015621
0.015621
0.015621
0.015621
0.015621
0.015622
0.015621
0.015622
0.015621
0.015622
0.015621
0.015622
0.015621
0.015621
0.015621
0.015621
0.015622
0.015621
0.015621
0.015621
0.015621
0.015621
0.015622
0.015621
0.015621
0.015621
0.015621
0.015621
0.015622
0.027766
0.014960
0.014960
0.014961
0.014961
0.014961
0.014960
0.014960
0.013963
0.014961
0.014961
0.013963
0.014961
0.014960
0.013963
0.014960
0.013963
0.013963
0.014960
0.014960
0.013963
0.013963
0.014961
0.014961
0.014960
0.014960
0.013962
0.013963
0.014960
0.014960
0.014961
0.014960
0.014961
0.014960
0.014960
0.013963
0.014960
0.014961
0.014960
0.013962
0.014961
0.013963
0.013962
0.013962
0.014960
0.014960
0.014961
0.014961
0.014960
0.014960
0.014960
0.014960
0.015957
0.014960
0.014960
0.015957
0.014960
0.014960
0.014960
0.014960
0.014960
0.014960
0.014960
0.014961
0.014960
0.013963
0.014960
0.014960
0.014961
0.014960
0.014961
0.014960
0.015957
0.014960
0.014960
0.014960
0.014960
0.015958
0.014960
0.014960
0.014960
0.014960
0.014961
0.014960
0.014960
0.014960
0.014960
0.014961
0.014961
0.014961
0.014960
0.014960
0.013963
0.014961
0.014960
0.014961
0.014960
0.014961
0.014961
0.013963
0.014960
0.014960
0.014960
0.014961
0.014960
0.014960
0.014961
0.013963
0.014960
0.014960
0.014960
0.014960
0.014961
0.014960
0.014960
0.014960
0.014960
0.014960
0.013963
0.014960
0.014960
0.014960
0.014960
0.013963
0.013962
0.013963
0.013963
0.013963
0.013962
0.013963
0.013963
0.014960
0.014961
0.014960
0.014960
0.013963
0.013963
0.013963
0.013963
0.013963
0.014961
0.014960
0.014960
0.014960
0.014960
0.014961
0.014961
0.014960
0.014961
0.014960
0.014960
0.014960
0.014960
0.014960
0.013963
0.014961
0.014961
0.014960
0.014960
0.014960
0.014961
0.014960
0.014961
0.013963
0.013962
0.013963
0.013963
0.013963
0.013963
0.014960
0.014961
0.014960
0.013963
0.014960
0.013963
0.013963
0.014960
0.014961
0.014960
0.014960
0.014960
0.014960
0.014960
0.014960
0.014961
0.014960
0.015958
0.015958
0.014959
0.015957
0.014960
0.013963
0.013963
0.014960
0.013964
0.013962
0.013962
0.013962
0.013963
0.014961
0.014960
0.013963
0.013963
0.014960
0.014961
0.014960
0.014960
0.014960
0.014960
0.015957
0.013963
0.013962
0.014961
0.014960
0.014960
0.014960
0.014960
0.013963
0.013962
0.014960
0.014961
0.014960
0.013963
0.013963
0.013963
0.014961
0.014960
0.014960
0.014960
0.014961
0.014961
0.014961
0.014960
0.014960
0.014960
0.014960
0.014960
0.014960
0.014961
0.014960
0.014960
0.014960
0.014960
0.014960
0.014960
0.014960
0.014960
0.014961
0.014960
0.014960
0.014960
0.014960
0.013963
0.014960
0.014960
0.014960
0.014961
0.014961
0.014960
0.014960
0.014960
0.014960
0.014960
0.014960
0.014960
0.014961
0.014961
0.014960
0.014960
0.014960
0.014960
0.014960
0.014960
0.014960
0.014960
0.014961
0.013963
0.014960
0.014960
0.014960
0.014961
0.014960
0.014960
0.014960
0.014960
0.014960
0.014960
0.014960
0.014960
0.014961
0.014960
0.014960
0.014960
0.014960
0.014960
0.013963
0.013963
0.014961
0.014960
0.014961
0.013963
0.015958
0.014960
0.013963
0.014961
0.014961
0.014960
0.014960
0.014960
0.013963
0.013963
0.013963
0.014960
0.014960
0.014960
0.014960
0.013963
0.013963
0.014961
0.014960
0.013963
0.014960
0.014960
0.014960
0.014960
0.013962
0.014961
0.014960
0.013963
0.014960
0.014960
0.014960
0.014960
0.014960
0.014960
0.013963
0.013962
0.014960
0.013963
0.013962
0.013962
0.014960
0.014960
0.014961
0.014960
0.013966
0.014960
0.014961
0.014960
0.014960
0.013963
0.013963
0.014960
0.014960
0.014960
0.014960
0.014961
0.014961
0.013963
0.014960
0.014960
0.014961
0.014960
0.014961
0.014960
0.014960
0.014960
0.014960
0.014961
0.014961
0.014960
0.014960
0.014960
0.014960
0.014960
0.013963
0.014960
0.015957
0.013963
0.014960
0.014961
0.013963
0.014960
0.015957
0.014960
0.014959
0.014960
0.014960
0.014961
0.014960
0.014960
0.014960
0.013963
0.013962
0.013963
0.014960
0.014960
0.014960
0.014960
0.014961
0.013963
0.014960
0.014960
0.014961
0.013963
0.014960
0.014960
0.014960
0.013962
0.014961
0.014960
0.014960
0.014960
0.014961
0.014960
0.013963
0.013963
0.014962
0.014961
0.014961
0.014960
0.014960
0.014960
0.013963
0.014961
0.014961
0.014960
0.014960
0.013963
0.014960
0.014961
0.014961
0.014960
0.014961
0.014960
0.014961
0.014961
0.014960
0.014960
