F:\datasets\door_stair/result/SSD_mobilenet-door-1\
=========  F:\datasets\door_stair/result/SSD_mobilenet-door-1\   ===========
Chart path :  F:\datasets\door_stair/result/SSD_mobilenet-door-1\_chart
class -> F:\datasets\door_stair/result/SSD_mobilenet-door-1\opened_door.txt
PRECISION opened_door 0.4883720930232558 0.9400000000000006
RECALL opened_door 0.6050420168067226 0.0
F opened_door 0.40699126092384513 0.5300000000000002
Simple Recall 0.8235294117647058 0.9400000000000006
Simple Precision 0.5697674418604651 0.0
class -> F:\datasets\door_stair/result/SSD_mobilenet-door-1\closed_door.txt
PRECISION closed_door 0.16666666666666666 0.48000000000000026
RECALL closed_door 1.0 0.0
F closed_door 0.26055045871559634 0.48000000000000026
Simple Recall 1.0 0.48000000000000026
Simple Precision 0.16666666666666666 0.0
class -> F:\datasets\door_stair/result/SSD_mobilenet-door-1\elevator_door.txt
PRECISION elevator_door 0.1736842105263158 0.0
RECALL elevator_door 0.9565217391304348 0.0
F elevator_door 0.29398663697104677 0.0
Simple Recall 1.0 0.0
Simple Precision 0.18157894736842106 0.0

---- mAPs of   ---
opened_door 0.2376854614746247
closed_door 0.14818950833861447
elevator_door 0.16613272311212818
mAP: 0.18400256430845577



Prediction Speed 
Count => 766 
Sum => 8.803527 
Average => 0.011493 
variance => 0.000001 
stdev => 0.001012 
FPS => 87.0 


0.010971
0.010972
0.011968
0.010971
0.010971
0.011968
0.010970
0.010971
0.011968
0.011968
0.010973
0.010971
0.010971
0.011968
0.010971
0.010972
0.010971
0.010971
0.010971
0.010971
0.011968
0.010971
0.010971
0.010972
0.011968
0.010971
0.010971
0.010971
0.010971
0.010971
0.010971
0.010971
0.010971
0.010971
0.010971
0.012965
0.011966
0.011967
0.011968
0.011968
0.011968
0.012965
0.012965
0.013963
0.018951
0.013961
0.011968
0.012963
0.011967
0.011968
0.010970
0.010971
0.011968
0.010971
0.010971
0.010970
0.010970
0.010971
0.010971
0.010971
0.011967
0.010972
0.010970
0.011968
0.011968
0.011968
0.010971
0.010971
0.010970
0.011968
0.010971
0.010971
0.010971
0.010970
0.010971
0.010971
0.011968
0.010971
0.010971
0.010971
0.010971
0.010971
0.011968
0.011968
0.011969
0.012966
0.011968
0.011967
0.011968
0.011968
0.011968
0.011968
0.011968
0.011968
0.010970
0.010970
0.011967
0.011968
0.011969
0.011968
0.011968
0.011968
0.011968
0.011967
0.010971
0.011967
0.011966
0.011968
0.011968
0.011968
0.010969
0.011968
0.010971
0.011968
0.011969
0.011968
0.011968
0.011968
0.010971
0.010971
0.011968
0.011967
0.010971
0.010971
0.010970
0.011967
0.010970
0.011968
0.010971
0.010971
0.011968
0.011968
0.010971
0.010971
0.010971
0.011968
0.011968
0.011968
0.010971
0.011968
0.010971
0.010971
0.010970
0.010971
0.010971
0.010971
0.010971
0.010971
0.010971
0.010971
0.010971
0.010971
0.010970
0.010971
0.010971
0.010971
0.010971
0.009973
0.010971
0.010971
0.010971
0.010971
0.011968
0.010971
0.010971
0.011968
0.011968
0.011965
0.011967
0.011968
0.011968
0.011969
0.011968
0.010971
0.010970
0.010971
0.010971
0.010970
0.010971
0.010971
0.010971
0.011968
0.010971
0.010971
0.011968
0.011968
0.011968
0.010970
0.011968
0.010971
0.011968
0.011968
0.011969
0.010971
0.010971
0.011968
0.010970
0.010971
0.010971
0.011968
0.010971
0.010971
0.010972
0.010971
0.010971
0.010971
0.010970
0.010971
0.010971
0.010970
0.010971
0.010971
0.010971
0.010971
0.010971
0.010971
0.011968
0.011968
0.011969
0.011968
0.010971
0.011968
0.010971
0.010971
0.010971
0.010971
0.010971
0.010971
0.011968
0.010971
0.010970
0.011969
0.011968
0.010971
0.011968
0.011968
0.010970
0.011969
0.011968
0.011968
0.011968
0.011968
0.011968
0.010971
0.011969
0.011968
0.011968
0.011967
0.010969
0.011968
0.010970
0.011968
0.011968
0.010970
0.011969
0.011968
0.010971
0.011968
0.010970
0.010970
0.011968
0.011968
0.010971
0.011968
0.010971
0.010971
0.010971
0.010971
0.010970
0.011968
0.010970
0.010971
0.011969
0.011968
0.011968
0.010971
0.010971
0.010971
0.010971
0.010971
0.010972
0.010971
0.010971
0.011968
0.010971
0.011968
0.011968
0.011968
0.010969
0.011968
0.011968
0.011968
0.010971
0.010971
0.010971
0.010971
0.010971
0.011968
0.011968
0.011969
0.010971
0.011968
0.011968
0.010970
0.010971
0.013963
0.019947
0.014960
0.012964
0.013963
0.013962
0.012966
0.014954
0.013967
0.015956
0.019946
0.018949
0.015957
0.014960
0.013961
0.016954
0.018950
0.013957
0.012965
0.011968
0.013963
0.011968
0.011968
0.012966
0.011968
0.012965
0.011968
0.011968
0.012965
0.010971
0.011967
0.011968
0.010971
0.010971
0.010971
0.010971
0.010971
0.010971
0.010971
0.010971
0.011968
0.011967
0.011968
0.011967
0.011967
0.011967
0.011969
0.010971
0.011970
0.010970
0.011967
0.011969
0.010971
0.010972
0.011968
0.011968
0.011968
0.011968
0.011969
0.010971
0.011968
0.011968
0.011969
0.010971
0.010970
0.010971
0.012965
0.013962
0.013963
0.012964
0.012965
0.012966
0.011968
0.012964
0.011967
0.010971
0.010971
0.010971
0.010971
0.010971
0.010971
0.010971
0.010971
0.010972
0.010971
0.010971
0.010971
0.010970
0.010971
0.010971
0.010971
0.010972
0.010970
0.010971
0.011968
0.010971
0.010970
0.010971
0.010971
0.010971
0.010972
0.010970
0.010971
0.011968
0.010971
0.010971
0.010971
0.010971
0.011968
0.011968
0.010971
0.010971
0.010970
0.011968
0.011969
0.009974
0.010971
0.010971
0.010971
0.010971
0.011969
0.016954
0.014959
0.013962
0.011968
0.010970
0.010970
0.013962
0.010971
0.010971
0.010971
0.010971
0.010970
0.010971
0.010971
0.010971
0.010971
0.011968
0.011968
0.010970
0.010970
0.010971
0.010971
0.010971
0.010971
0.011968
0.010971
0.010971
0.010971
0.010971
0.011968
0.010971
0.010972
0.010972
0.010970
0.010971
0.010971
0.010971
0.011968
0.010971
0.010971
0.010971
0.010971
0.010971
0.011968
0.010971
0.010971
0.010972
0.010970
0.009973
0.010971
0.010971
0.010971
0.010971
0.010971
0.010971
0.010971
0.011968
0.011969
0.011969
0.010972
0.010971
0.010970
0.010971
0.010971
0.010972
0.010970
0.010970
0.010970
0.010971
0.010971
0.010970
0.010971
0.010971
0.011968
0.011968
0.011968
0.011967
0.012965
0.012964
0.010971
0.010970
0.010971
0.010971
0.010971
0.010971
0.010971
0.010971
0.011969
0.011968
0.011968
0.011968
0.011969
0.010970
0.011968
0.010972
0.010971
0.010972
0.010971
0.010969
0.010971
0.010972
0.010972
0.010971
0.010971
0.010971
0.010971
0.010974
0.011968
0.010970
0.010971
0.010973
0.010971
0.010971
0.010971
0.011968
0.011968
0.011968
0.011968
0.010971
0.011968
0.010971
0.010970
0.010972
0.010971
0.011968
0.010971
0.011968
0.011968
0.010970
0.011968
0.011968
0.010970
0.010971
0.010972
0.010971
0.011968
0.011968
0.011968
0.010970
0.011969
0.010971
0.011969
0.010970
0.011967
0.010971
0.010971
0.010971
0.011968
0.010971
0.010971
0.010971
0.011968
0.010971
0.011970
0.010971
0.011968
0.010971
0.010971
0.011969
0.011968
0.011968
0.011968
0.012967
0.011968
0.010971
0.011969
0.010970
0.011967
0.010971
0.011968
0.010971
0.010971
0.010971
0.010971
0.010971
0.011968
0.011967
0.011967
0.011968
0.011969
0.010970
0.010971
0.011968
0.012966
0.010970
0.010970
0.010970
0.010971
0.010971
0.010971
0.010970
0.011968
0.010971
0.010971
0.010971
0.010970
0.011967
0.010971
0.010971
0.010972
0.010971
0.010971
0.009973
0.010971
0.010971
0.010971
0.010971
0.010971
0.010971
0.010971
0.010971
0.010971
0.011968
0.010970
0.010970
0.010971
0.010969
0.010970
0.010971
0.012966
0.011969
0.010971
0.011968
0.011968
0.010970
0.011969
0.010970
0.010972
0.011969
0.010971
0.010972
0.010970
0.010971
0.011968
0.011968
0.010971
0.010971
0.010971
0.010971
0.010970
0.010972
0.010971
0.010971
0.010971
0.009973
0.010971
0.010971
0.011969
0.010971
0.010970
0.010971
0.010971
0.010971
0.010971
0.010971
0.011968
0.010970
0.010971
0.010970
0.011969
0.010970
0.010970
0.010971
0.010971
0.010971
0.010971
0.011968
0.010971
0.010970
0.010972
0.010971
0.011968
0.011968
0.010971
0.010971
0.010970
0.010972
0.011969
0.010971
0.010971
0.010971
0.010970
0.010970
0.010971
0.011969
0.010970
0.011969
0.011968
0.012966
0.011968
0.010971
0.010970
0.010971
0.010971
0.011969
0.010970
0.010971
0.009973
0.010971
0.010972
0.010970
0.011969
0.010968
0.010971
0.010971
0.011968
0.009973
0.010971
0.011969
0.010971
0.010970
0.010971
0.010971
0.010971
0.010971
0.010971
0.010971
0.010971
0.010971
0.011968
0.010971
0.011968
0.010974
0.010971
0.010971
0.010971
0.010971
0.010970
0.010970
0.010970
0.010970
0.010971
0.010971
0.011968
0.010971
0.010971
0.010971
0.011968
0.010970
0.010971
