F:\datasets\door_stair/resultVideos/SSD_Inception-stair-4\
=========  F:\datasets\door_stair/resultVideos/SSD_Inception-stair-4\   ===========
Chart path :  F:\datasets\door_stair/resultVideos/SSD_Inception-stair-4\_chart
class -> F:\datasets\door_stair/resultVideos/SSD_Inception-stair-4\ascending_stair.txt
PRECISION ascending_stair 1.0 0.35000000000000014
RECALL ascending_stair 0.14838709677419354 0.0
F ascending_stair 0.13813813813813813 0.0
Simple Recall 1.0 0.04
Simple Precision 1.0 0.0
class -> F:\datasets\door_stair/resultVideos/SSD_Inception-stair-4\descending_stair.txt
PRECISION descending_stair 0 0
RECALL descending_stair 0 0
F descending_stair -1.0 0
Simple Recall 0 0
Simple Precision 0 0

---- mAPs of   ---
ascending_stair 0.04636712014804235
descending_stair 0.0
mAP: 0.023183560074021173



Prediction Speed 
Count => 260 
Sum => 4.090884 
Average => 0.015734 
variance => 0.000000 
stdev => 0.000552 
FPS => 63.6 


0.015958
0.015957
0.015958
0.015957
0.015957
0.015958
0.015957
0.015958
0.015957
0.014960
0.015958
0.014960
0.014961
0.015957
0.014959
0.014960
0.014960
0.014960
0.015957
0.015957
0.014960
0.015957
0.014960
0.015957
0.015958
0.015957
0.015958
0.015957
0.014960
0.015958
0.014960
0.015958
0.014960
0.015957
0.015958
0.014960
0.015958
0.015958
0.014960
0.014960
0.015957
0.014960
0.014960
0.015957
0.014960
0.015957
0.014960
0.015957
0.014960
0.014960
0.014959
0.014960
0.014960
0.014960
0.014960
0.014960
0.014960
0.015957
0.015957
0.014960
0.014960
0.015958
0.015957
0.015957
0.015957
0.015958
0.015957
0.015957
0.015957
0.014960
0.015957
0.015958
0.014961
0.015958
0.015957
0.015957
0.014960
0.015957
0.015957
0.015957
0.014960
0.015957
0.014960
0.015957
0.015957
0.014960
0.015959
0.015957
0.015957
0.015958
0.015958
0.015958
0.014960
0.015958
0.015957
0.015958
0.014960
0.015957
0.015957
0.015957
0.014961
0.015957
0.015957
0.015957
0.014960
0.015958
0.014959
0.014960
0.014960
0.015958
0.015958
0.014960
0.015958
0.015958
0.015958
0.014960
0.014960
0.015958
0.015957
0.014960
0.014960
0.014960
0.015957
0.015957
0.015960
0.015958
0.015957
0.015959
0.015957
0.015957
0.015958
0.014960
0.015957
0.014960
0.015957
0.015957
0.015958
0.015957
0.015957
0.014960
0.015959
0.015957
0.015622
0.015621
0.015622
0.015620
0.015622
0.015622
0.015621
0.015622
0.015621
0.020782
0.015957
0.015958
0.015958
0.015957
0.015958
0.015957
0.015957
0.015959
0.015958
0.014960
0.015957
0.015957
0.015957
0.015957
0.015957
0.015958
0.015957
0.015957
0.015957
0.015958
0.015958
0.015958
0.015958
0.015957
0.015957
0.015958
0.014960
0.015957
0.015958
0.015957
0.014960
0.015959
0.015957
0.015958
0.015957
0.015957
0.015958
0.015957
0.014960
0.015958
0.015957
0.015958
0.015958
0.014960
0.015957
0.015957
0.015957
0.015958
0.014960
0.015957
0.015957
0.015958
0.015957
0.015958
0.014960
0.015957
0.015957
0.015957
0.015958
0.015957
0.015958
0.015957
0.015957
0.015957
0.015957
0.015957
0.015957
0.015957
0.015957
0.015957
0.015957
0.015957
0.015957
0.015957
0.015958
0.014960
0.017952
0.015958
0.015957
0.015958
0.015958
0.015957
0.015959
0.015958
0.015957
0.015958
0.015956
0.015957
0.015958
0.015958
0.015957
0.014960
0.015957
0.015957
0.015957
0.015957
0.015957
0.015957
0.015957
0.015958
0.015957
0.015957
0.015957
0.015957
0.014959
0.016954
0.014960
0.015958
