F:\datasets\door_stair/resultVideos/SSD_mobilenet-stair-1\
=========  F:\datasets\door_stair/resultVideos/SSD_mobilenet-stair-1\   ===========
Chart path :  F:\datasets\door_stair/resultVideos/SSD_mobilenet-stair-1\_chart
class -> F:\datasets\door_stair/resultVideos/SSD_mobilenet-stair-1\ascending_stair.txt
PRECISION ascending_stair 1.0 0.11999999999999998
RECALL ascending_stair 0.9518072289156626 0.0
F ascending_stair 0.6945054945054945 0.0
Simple Recall 1.0 0.11999999999999998
Simple Precision 1.0 0.0
class -> F:\datasets\door_stair/resultVideos/SSD_mobilenet-stair-1\descending_stair.txt
PRECISION descending_stair 0 0
RECALL descending_stair 0 0
F descending_stair -1.0 0
Simple Recall 0 0
Simple Precision 0 0

---- mAPs of   ---
ascending_stair 0.7922478865817941
descending_stair 0.0
mAP: 0.39612394329089706



Prediction Speed 
Count => 370 
Sum => 4.110082 
Average => 0.011108 
variance => 0.000000 
stdev => 0.000415 
FPS => 90.0 


0.010972
0.010971
0.011968
0.010971
0.010971
0.011968
0.010971
0.010974
0.011968
0.010971
0.010971
0.009974
0.010971
0.010971
0.010971
0.010971
0.010971
0.010971
0.011968
0.010971
0.010971
0.011968
0.010971
0.010972
0.011968
0.010971
0.010971
0.010971
0.010970
0.010971
0.011969
0.010971
0.010971
0.010971
0.010971
0.011968
0.010971
0.010971
0.010970
0.010971
0.010973
0.010971
0.011968
0.010971
0.011968
0.011969
0.010971
0.010971
0.010970
0.011969
0.010971
0.010971
0.010971
0.010971
0.010971
0.010971
0.010972
0.010971
0.010970
0.010971
0.010971
0.010971
0.010970
0.010971
0.010970
0.010971
0.010971
0.011968
0.010971
0.011968
0.010971
0.010971
0.010971
0.010971
0.010970
0.010971
0.010971
0.010971
0.010970
0.010971
0.010971
0.010970
0.010971
0.010972
0.010971
0.009974
0.010972
0.010970
0.010970
0.010970
0.010971
0.010971
0.010971
0.010971
0.010971
0.009974
0.010971
0.010971
0.010971
0.010971
0.009973
0.010971
0.010971
0.010971
0.010971
0.010971
0.010971
0.010971
0.010971
0.010971
0.010970
0.010971
0.010970
0.010971
0.010971
0.010971
0.010971
0.010971
0.010971
0.010971
0.010971
0.010970
0.010971
0.010970
0.010971
0.011968
0.010971
0.010970
0.010971
0.011968
0.010971
0.010971
0.010971
0.011968
0.010971
0.011968
0.010970
0.011968
0.011968
0.010971
0.010971
0.010971
0.010971
0.010972
0.010970
0.010971
0.010971
0.010971
0.010971
0.010970
0.010971
0.010971
0.010971
0.010971
0.010970
0.010971
0.009973
0.010970
0.010971
0.010971
0.010970
0.010971
0.010971
0.010971
0.010972
0.010970
0.010971
0.010971
0.010971
0.010971
0.010970
0.009974
0.010970
0.010972
0.010971
0.010971
0.010971
0.010971
0.010971
0.010971
0.010971
0.010970
0.010971
0.010971
0.010971
0.010971
0.010971
0.011968
0.010971
0.010971
0.010971
0.010971
0.010971
0.010971
0.010971
0.010971
0.010971
0.010971
0.010970
0.010971
0.010971
0.011968
0.010971
0.010971
0.010971
0.010971
0.010971
0.010972
0.010970
0.010971
0.010971
0.010971
0.011969
0.010971
0.010971
0.011968
0.010970
0.010971
0.010971
0.010971
0.010971
0.010971
0.010971
0.010971
0.010971
0.010971
0.011969
0.012965
0.011968
0.012965
0.011968
0.011968
0.010971
0.010971
0.011968
0.010971
0.010971
0.011968
0.010971
0.011968
0.010970
0.010971
0.011968
0.010971
0.011968
0.010971
0.010971
0.011968
0.010971
0.010971
0.010971
0.011968
0.010971
0.010970
0.011968
0.010971
0.010971
0.011969
0.010971
0.011968
0.010971
0.010971
0.010971
0.011968
0.010971
0.010971
0.010971
0.011968
0.010971
0.010971
0.011968
0.010971
0.010971
0.011968
0.010971
0.010971
0.010971
0.011968
0.010971
0.010971
0.011968
0.010971
0.010971
0.010971
0.010971
0.010971
0.011968
0.010971
0.010971
0.010970
0.010971
0.011968
0.010971
0.011968
0.010972
0.011968
0.010971
0.011968
0.010971
0.010971
0.011968
0.010971
0.011968
0.010971
0.010971
0.011968
0.010971
0.010972
0.010970
0.010971
0.010971
0.010971
0.010971
0.010971
0.010971
0.010971
0.010970
0.010971
0.010971
0.010971
0.010971
0.010971
0.010971
0.010971
0.010970
0.010971
0.010972
0.010970
0.010971
0.010971
0.010971
0.010971
0.010971
0.010971
0.010971
0.010971
0.010970
0.010971
0.010971
0.010971
0.010971
0.010970
0.010971
0.010971
0.010971
0.011968
0.010971
0.010970
0.010971
0.010971
0.010971
0.010971
0.009973
0.010970
0.010971
0.011968
0.010971
0.010971
0.010971
0.010971
0.010971
0.010971
0.010971
0.010971
0.011968
0.009974
0.010971
0.010971
0.010971
0.010971
