F:\datasets\door_stair/resultVideos/SSD_mobilenet-door-4\
=========  F:\datasets\door_stair/resultVideos/SSD_mobilenet-door-4\   ===========
Chart path :  F:\datasets\door_stair/resultVideos/SSD_mobilenet-door-4\_chart
class -> F:\datasets\door_stair/resultVideos/SSD_mobilenet-door-4\opened_door.txt
PRECISION opened_door 0 0
RECALL opened_door 0 0
F opened_door -1.0 0
Simple Recall 0 0
Simple Precision 0 0
class -> F:\datasets\door_stair/resultVideos/SSD_mobilenet-door-4\closed_door.txt
PRECISION closed_door 0.07874015748031496 0.05
RECALL closed_door 0.35294117647058826 0.0
F closed_door 0.11235955056179775 0.05
Simple Recall 1.0 0.060000000000000005
Simple Precision 0.24397590361445784 0.0
class -> F:\datasets\door_stair/resultVideos/SSD_mobilenet-door-4\elevator_door.txt
PRECISION elevator_door 0 0
RECALL elevator_door 0 0
F elevator_door -1.0 0
Simple Recall 0.7614678899082569 0.0
Simple Precision 0.33739837398373984 0.0

---- mAPs of   ---
opened_door 0.0
closed_door 0.024184334079890145
elevator_door 0.0
mAP: 0.008061444693296714



Prediction Speed 
Count => 595 
Sum => 6.677868 
Average => 0.011223 
variance => 0.000004 
stdev => 0.002106 
FPS => 89.1 


0.010971
0.011968
0.010971
0.010971
0.010971
0.010972
0.010971
0.010971
0.011968
0.010971
0.010971
0.010971
0.010971
0.010971
0.010971
0.010970
0.010971
0.010971
0.010971
0.010971
0.010971
0.010971
0.010971
0.011968
0.010971
0.010409
0.010971
0.009974
0.010971
0.010971
0.010971
0.010971
0.010971
0.010970
0.010971
0.009973
0.009972
0.009973
0.010971
0.010971
0.010971
0.010971
0.010971
0.010971
0.010972
0.010971
0.010971
0.011968
0.010971
0.010971
0.010971
0.010971
0.010971
0.010971
0.010971
0.010971
0.009974
0.010971
0.010971
0.010972
0.010971
0.009974
0.010971
0.010971
0.010970
0.010971
0.010971
0.010971
0.009973
0.010971
0.010971
0.010971
0.010971
0.010971
0.010971
0.009973
0.009973
0.009974
0.010971
0.010971
0.010971
0.009974
0.010970
0.010971
0.010971
0.010971
0.010971
0.010970
0.011968
0.010971
0.010971
0.010971
0.010971
0.010971
0.010971
0.009973
0.010971
0.010971
0.010970
0.010971
0.011968
0.010971
0.010971
0.010971
0.011968
0.011968
0.010971
0.010971
0.010972
0.010971
0.010970
0.010971
0.010971
0.010971
0.010971
0.010971
0.010971
0.010971
0.009972
0.009973
0.010970
0.010971
0.010972
0.010971
0.010971
0.010971
0.010971
0.010971
0.010970
0.010971
0.010971
0.010971
0.010971
0.010971
0.011968
0.010970
0.010971
0.010973
0.010972
0.010970
0.011969
0.010970
0.010971
0.010971
0.011968
0.010970
0.010971
0.010971
0.010971
0.010970
0.010971
0.010971
0.009973
0.010970
0.010970
0.010971
0.010971
0.010971
0.010971
0.010971
0.010971
0.010971
0.011968
0.010971
0.010971
0.010971
0.010971
0.010970
0.010972
0.010971
0.010972
0.011968
0.010970
0.010971
0.010971
0.011968
0.010970
0.010971
0.010971
0.010971
0.010971
0.011968
0.010971
0.009973
0.010971
0.010971
0.011968
0.010971
0.010971
0.011968
0.010971
0.010971
0.010971
0.010971
0.011968
0.010971
0.010971
0.010971
0.010971
0.011969
0.010970
0.010970
0.010971
0.011968
0.010971
0.010971
0.010971
0.011968
0.010971
0.010971
0.010971
0.010970
0.011968
0.010971
0.010971
0.011969
0.010971
0.010971
0.010971
0.010971
0.010970
0.010971
0.010970
0.010971
0.010971
0.011968
0.010971
0.010971
0.011968
0.010971
0.010971
0.010971
0.010971
0.010971
0.011968
0.010970
0.010971
0.010971
0.010971
0.010971
0.010971
0.010971
0.010971
0.010972
0.010971
0.010971
0.010971
0.010971
0.010971
0.011968
0.010971
0.010971
0.010971
0.010971
0.010972
0.010971
0.010972
0.011969
0.010970
0.011968
0.010971
0.009974
0.010970
0.010971
0.010971
0.010971
0.010971
0.010970
0.010971
0.010970
0.010971
0.010971
0.010971
0.010971
0.010971
0.010971
0.011968
0.011968
0.011968
0.012965
0.011968
0.010972
0.010970
0.011968
0.011969
0.010971
0.010971
0.010971
0.011969
0.010971
0.010971
0.011968
0.010971
0.010970
0.010971
0.010970
0.011968
0.010971
0.010971
0.011968
0.011968
0.010971
0.010971
0.010971
0.010972
0.011968
0.010971
0.010971
0.010971
0.010971
0.011968
0.010971
0.010971
0.010971
0.010971
0.010971
0.010970
0.010971
0.009973
0.010970
0.010971
0.010971
0.010970
0.010971
0.010971
0.010971
0.010971
0.010971
0.011968
0.011968
0.011968
0.011968
0.011969
0.011968
0.011968
0.011969
0.011969
0.010971
0.010971
0.010971
0.011968
0.011968
0.011968
0.011968
0.010970
0.010971
0.010971
0.010970
0.010971
0.010970
0.010971
0.011968
0.010972
0.010971
0.010971
0.010971
0.010971
0.010970
0.010971
0.010971
0.011968
0.011969
0.012965
0.011968
0.011968
0.011968
0.010971
0.011968
0.010972
0.011968
0.010971
0.010971
0.010971
0.010971
0.011968
0.010971
0.010971
0.010970
0.010971
0.011968
0.010971
0.010971
0.011968
0.010971
0.010971
0.010971
0.010971
0.010971
0.010972
0.011968
0.010970
0.010971
0.010971
0.010971
0.011969
0.010971
0.010971
0.010971
0.011968
0.010971
0.010972
0.010971
0.011968
0.010970
0.010971
0.010971
0.010971
0.011968
0.010971
0.010971
0.010971
0.010971
0.010971
0.010971
0.010971
0.010971
0.010971
0.010972
0.010971
0.011968
0.011968
0.011968
0.011968
0.010971
0.010971
0.010971
0.010971
0.010971
0.010971
0.010971
0.010972
0.010971
0.011968
0.010971
0.011968
0.010971
0.010971
0.010970
0.010970
0.010971
0.010971
0.010971
0.010971
0.010971
0.012965
0.010970
0.010971
0.010971
0.010971
0.010971
0.010971
0.010971
0.010971
0.010971
0.010971
0.011968
0.010971
0.010971
0.010971
0.010971
0.010972
0.011968
0.011968
0.011968
0.011968
0.011969
0.011968
0.011968
0.012966
0.012965
0.011968
0.011967
0.011968
0.011968
0.011968
0.011968
0.012966
0.011968
0.011968
0.011968
0.011968
0.011968
0.011967
0.011968
0.011968
0.011968
0.011968
0.012966
0.011968
0.011968
0.011968
0.011968
0.011968
0.011968
0.011967
0.011968
0.011968
0.011968
0.011969
0.012965
0.011968
0.012966
0.012966
0.012965
0.013963
0.011968
0.010971
0.010971
0.011968
0.010971
0.011968
0.000000
0.000000
0.015622
0.015621
0.015621
0.015622
0.015621
0.000000
0.000000
0.015621
0.015621
0.015621
0.015622
0.015621
0.000000
0.000000
0.015621
0.015621
0.015621
0.015622
0.015621
0.000000
0.000000
0.015622
0.015621
0.015621
0.015621
0.015621
0.000000
0.015622
0.015621
0.015621
0.015622
0.015620
0.000000
0.000000
0.015622
0.023157
0.010971
0.010971
0.010971
0.011968
0.010971
0.010971
0.010970
0.010971
0.010971
0.011968
0.010971
0.010970
0.010971
0.011968
0.010971
0.011968
0.010971
0.010971
0.010971
0.010970
0.011968
0.011968
0.011969
0.011968
0.011968
0.011968
0.011969
0.010971
0.010971
0.010971
0.010971
0.010971
0.010971
0.010970
0.010971
0.011968
0.004079
0.015621
0.015621
0.015621
0.000000
0.000000
0.015621
0.015622
0.015621
0.015622
