F:\datasets\door_stair/result/SSD_Inception-door-4\
=========  F:\datasets\door_stair/result/SSD_Inception-door-4\   ===========
Chart path :  F:\datasets\door_stair/result/SSD_Inception-door-4\_chart
class -> F:\datasets\door_stair/result/SSD_Inception-door-4\opened_door.txt
PRECISION opened_door 0 0
RECALL opened_door 0 0
F opened_door -1.0 0
Simple Recall 0 0
Simple Precision 0 0
class -> F:\datasets\door_stair/result/SSD_Inception-door-4\closed_door.txt
PRECISION closed_door 0.2638888888888889 0.9200000000000006
RECALL closed_door 0.22346368715083798 0.0
F closed_door 0.1532567049808429 0.8900000000000006
Simple Recall 1.0 0.9400000000000006
Simple Precision 0.6774193548387096 0.0
class -> F:\datasets\door_stair/result/SSD_Inception-door-4\elevator_door.txt
PRECISION elevator_door 0.022099447513812154 0.0
RECALL elevator_door 0.057971014492753624 0.0
F elevator_door 0.031999999999999994 0.0
Simple Recall 0.5652173913043478 0.0
Simple Precision 0.2154696132596685 0.0

---- mAPs of   ---
opened_door 0.0
closed_door 0.04005028881968617
elevator_door 0.0012811273921050524
mAP: 0.01377713873726374



Prediction Speed 
Count => 595 
Sum => 8.930197 
Average => 0.015009 
variance => 0.000000 
stdev => 0.000497 
FPS => 66.6 


0.014960
0.014960
0.013963
0.014960
0.015957
0.015957
0.014960
0.015957
0.014960
0.014961
0.014960
0.014960
0.014960
0.014960
0.014960
0.015958
0.015957
0.015958
0.014960
0.015958
0.015958
0.015957
0.015958
0.015957
0.015958
0.014961
0.014961
0.014960
0.014960
0.014960
0.014960
0.014960
0.014960
0.014960
0.014960
0.013962
0.013963
0.014960
0.014960
0.014960
0.014960
0.014960
0.014960
0.013962
0.014960
0.014960
0.013963
0.014960
0.014960
0.014960
0.014960
0.013962
0.014960
0.013963
0.013965
0.014960
0.014960
0.013963
0.014961
0.014961
0.014960
0.014960
0.014960
0.014960
0.014960
0.014960
0.014960
0.015957
0.015957
0.015958
0.015958
0.014960
0.014960
0.015957
0.014960
0.014960
0.014960
0.014960
0.014960
0.014960
0.015958
0.015956
0.015958
0.015957
0.014960
0.016955
0.015958
0.015957
0.015957
0.015958
0.015957
0.016954
0.015956
0.015957
0.014960
0.014960
0.014961
0.015957
0.014960
0.014960
0.014961
0.015957
0.015957
0.014960
0.014961
0.014960
0.014960
0.014960
0.014961
0.014960
0.014960
0.014960
0.013963
0.014960
0.014960
0.014960
0.013962
0.014960
0.014960
0.014960
0.014960
0.014961
0.014960
0.014960
0.014960
0.014960
0.014960
0.014960
0.015958
0.014960
0.014960
0.014960
0.013962
0.015958
0.014960
0.014960
0.014960
0.015958
0.014960
0.014960
0.015958
0.015958
0.014960
0.014960
0.014960
0.014961
0.014962
0.015957
0.014960
0.014960
0.014961
0.014960
0.015958
0.014960
0.014960
0.014960
0.014960
0.014960
0.014959
0.014960
0.014960
0.014961
0.014961
0.015958
0.014960
0.013963
0.014960
0.014960
0.014961
0.014961
0.014962
0.014960
0.014960
0.014960
0.014961
0.014961
0.014960
0.014960
0.014960
0.014960
0.014960
0.014960
0.013963
0.014961
0.014960
0.013962
0.014960
0.014960
0.014960
0.014960
0.014961
0.014960
0.014960
0.014960
0.014960
0.014960
0.015958
0.013963
0.014961
0.015958
0.014960
0.014960
0.014960
0.015957
0.013963
0.013962
0.014960
0.014960
0.014960
0.014960
0.014960
0.014960
0.014960
0.014960
0.015958
0.014960
0.014960
0.015958
0.015957
0.014959
0.015957
0.015958
0.014960
0.015957
0.014960
0.014961
0.014960
0.014960
0.014960
0.014961
0.014960
0.014960
0.014961
0.015957
0.014960
0.014960
0.014960
0.014960
0.014961
0.014960
0.014960
0.014960
0.014960
0.014961
0.014962
0.014960
0.014960
0.014960
0.014960
0.014960
0.014960
0.014960
0.013962
0.014960
0.014960
0.014960
0.014960
0.014960
0.014960
0.015958
0.014959
0.014961
0.014961
0.013963
0.013962
0.013963
0.014960
0.014960
0.013962
0.014960
0.013962
0.014960
0.013963
0.014960
0.013963
0.013963
0.014960
0.014960
0.014960
0.014960
0.014960
0.014960
0.014960
0.014960
0.014960
0.014960
0.014960
0.014960
0.014960
0.014960
0.014960
0.013964
0.014960
0.014960
0.015957
0.014960
0.015958
0.014960
0.015958
0.013963
0.014960
0.014960
0.014960
0.015957
0.014960
0.015958
0.014960
0.014961
0.014960
0.013963
0.014960
0.014960
0.013963
0.014960
0.014960
0.013962
0.014960
0.014960
0.014960
0.014960
0.014960
0.014960
0.014960
0.013962
0.013962
0.014960
0.014960
0.014960
0.013963
0.013963
0.014960
0.014961
0.014959
0.013963
0.014960
0.014960
0.015958
0.014961
0.013963
0.014961
0.014960
0.014960
0.014960
0.014960
0.014960
0.014960
0.014960
0.014960
0.013963
0.013964
0.014960
0.014960
0.014960
0.014960
0.013962
0.013963
0.014960
0.014959
0.014961
0.014960
0.014960
0.014960
0.014960
0.014960
0.014960
0.014960
0.014961
0.014960
0.014960
0.014960
0.013963
0.014960
0.014960
0.014960
0.014961
0.014960
0.014961
0.014960
0.013962
0.013963
0.013963
0.014960
0.013962
0.014960
0.013963
0.014960
0.014960
0.014960
0.014960
0.014960
0.014960
0.014960
0.014960
0.014960
0.014960
0.014960
0.014960
0.014961
0.014960
0.015958
0.014960
0.014960
0.014960
0.014960
0.014961
0.014961
0.014961
0.014960
0.014961
0.013963
0.014960
0.015957
0.014960
0.014961
0.014961
0.014960
0.014960
0.014960
0.014960
0.014960
0.014960
0.014960
0.014960
0.014960
0.014960
0.014960
0.014960
0.014960
0.014960
0.014961
0.014960
0.014960
0.014960
0.014961
0.014961
0.014960
0.014960
0.013963
0.014960
0.014961
0.014960
0.014960
0.014960
0.014960
0.014960
0.014960
0.013962
0.015957
0.014960
0.014960
0.014960
0.014961
0.014961
0.014960
0.014960
0.014960
0.014960
0.014960
0.014961
0.014961
0.013964
0.014960
0.014960
0.014960
0.013963
0.014960
0.014960
0.013963
0.014960
0.014960
0.014960
0.014958
0.015958
0.013965
0.014960
0.014962
0.014960
0.015958
0.014960
0.014960
0.014961
0.014960
0.014960
0.014960
0.014960
0.014960
0.015958
0.014960
0.014960
0.014960
0.014960
0.014960
0.014961
0.014961
0.014961
0.014960
0.014960
0.015958
0.014960
0.014961
0.014960
0.015958
0.014960
0.014960
0.014960
0.014960
0.014959
0.015957
0.014961
0.014960
0.014960
0.014960
0.014960
0.014960
0.015958
0.015958
0.014961
0.014961
0.014960
0.015958
0.014960
0.014960
0.014960
0.014960
0.014961
0.014961
0.014961
0.014960
0.015958
0.015958
0.014960
0.014960
0.015958
0.015957
0.015957
0.016955
0.014960
0.015958
0.015957
0.014960
0.014960
0.014960
0.014961
0.015958
0.014960
0.014960
0.014960
0.014961
0.014959
0.014960
0.014961
0.014960
0.014960
0.014961
0.014961
0.014960
0.014960
0.014960
0.014960
0.014960
0.014960
0.014960
0.014960
0.014960
0.014960
0.014960
0.014960
0.014960
0.014960
0.014960
0.014961
0.014961
0.013963
0.013963
0.014960
0.014961
0.014960
0.014960
0.014960
0.014960
0.015957
0.014960
0.014960
0.014961
0.014960
0.014960
0.015958
0.014960
0.014960
0.014961
0.014960
0.014960
0.014960
0.015958
0.015957
