F:\datasets\door_stair/resultVideos/SSD_mobilenet-stair-4\
=========  F:\datasets\door_stair/resultVideos/SSD_mobilenet-stair-4\   ===========
Chart path :  F:\datasets\door_stair/resultVideos/SSD_mobilenet-stair-4\_chart
class -> F:\datasets\door_stair/resultVideos/SSD_mobilenet-stair-4\ascending_stair.txt
PRECISION ascending_stair 0.3382352941176471 0.11999999999999998
RECALL ascending_stair 0.23076923076923078 0.0
F ascending_stair 0.23267326732673269 0.05
Simple Recall 1.0 0.09
Simple Precision 1.0 0.0
class -> F:\datasets\door_stair/resultVideos/SSD_mobilenet-stair-4\descending_stair.txt
PRECISION descending_stair 0 0
RECALL descending_stair 0 0
F descending_stair -1.0 0
Simple Recall 0 0
Simple Precision 0 0

---- mAPs of   ---
ascending_stair 0.06916884841455948
descending_stair 0.0
mAP: 0.03458442420727974



Prediction Speed 
Count => 260 
Sum => 3.190483 
Average => 0.012271 
variance => 0.000000 
stdev => 0.000460 
FPS => 81.5 


0.012965
0.011967
0.011968
0.011968
0.011968
0.011968
0.012965
0.011968
0.011967
0.011968
0.011968
0.011968
0.012965
0.012966
0.012965
0.011967
0.011968
0.011969
0.011968
0.011968
0.011968
0.011968
0.011968
0.011968
0.012965
0.011968
0.012965
0.011968
0.011968
0.011968
0.012965
0.011968
0.011968
0.011968
0.011968
0.011968
0.011968
0.011968
0.011968
0.011968
0.011968
0.012966
0.011967
0.011968
0.011968
0.012966
0.011968
0.011968
0.011968
0.012965
0.011968
0.011968
0.011968
0.011968
0.011968
0.011968
0.011968
0.012965
0.012966
0.011968
0.011968
0.011968
0.011968
0.011968
0.011968
0.011968
0.011968
0.011968
0.011968
0.011968
0.012965
0.011970
0.011968
0.011968
0.011968
0.011968
0.011968
0.012966
0.011968
0.011968
0.011968
0.011968
0.012965
0.011968
0.011968
0.011968
0.011968
0.011967
0.011968
0.011968
0.011968
0.011969
0.012965
0.011968
0.011968
0.011967
0.011969
0.011968
0.011968
0.012965
0.011968
0.011968
0.011968
0.011969
0.011968
0.011968
0.011968
0.011968
0.012966
0.011968
0.011968
0.011968
0.012965
0.012965
0.012965
0.011968
0.012966
0.012965
0.012965
0.012965
0.011968
0.012965
0.012966
0.011968
0.011968
0.011968
0.011969
0.011968
0.011968
0.012965
0.012965
0.011968
0.011968
0.011968
0.011968
0.012965
0.012965
0.011968
0.011968
0.012965
0.012965
0.011968
0.011968
0.012965
0.012965
0.012966
0.011968
0.012965
0.011968
0.012966
0.011968
0.011968
0.012965
0.012965
0.011968
0.012965
0.012965
0.012966
0.011968
0.011968
0.011968
0.012965
0.012965
0.011968
0.012965
0.012965
0.011968
0.012965
0.011968
0.011968
0.011968
0.011969
0.011968
0.012966
0.011968
0.012965
0.012965
0.011968
0.011968
0.012965
0.012965
0.011967
0.012965
0.011968
0.011969
0.011968
0.012965
0.012965
0.011968
0.011969
0.011969
0.012965
0.011968
0.012965
0.012965
0.012966
0.011968
0.012965
0.011968
0.012966
0.012965
0.011968
0.011968
0.012965
0.011969
0.012965
0.011968
0.011968
0.011969
0.011968
0.011968
0.012965
0.011968
0.011968
0.012965
0.012965
0.011968
0.012965
0.011968
0.012965
0.012966
0.011968
0.011968
0.011968
0.012965
0.011968
0.012965
0.011968
0.011968
0.011968
0.011968
0.011968
0.011968
0.012964
0.011968
0.012965
0.011970
0.011968
0.011969
0.011968
0.011968
0.012965
0.011968
0.011968
0.011968
0.011967
0.012965
0.011968
0.011968
0.011968
0.011968
0.011967
0.011969
0.011968
0.011968
0.012965
0.011968
0.011968
0.011967
0.011968
