F:\datasets\door_stair/result/SSD_Inception-door-3\
=========  F:\datasets\door_stair/result/SSD_Inception-door-3\   ===========
Chart path :  F:\datasets\door_stair/result/SSD_Inception-door-3\_chart
class -> F:\datasets\door_stair/result/SSD_Inception-door-3\opened_door.txt
PRECISION opened_door 0 0
RECALL opened_door 0 0
F opened_door -1.0 0
Simple Recall 0 0
Simple Precision 0 0
class -> F:\datasets\door_stair/result/SSD_Inception-door-3\closed_door.txt
PRECISION closed_door 0.6862745098039216 0.9400000000000006
RECALL closed_door 0.7745664739884393 0.0
F closed_door 0.5209302325581395 0.4300000000000002
Simple Recall 0.9653179190751445 0.9400000000000006
Simple Precision 0.8235294117647058 0.0
class -> F:\datasets\door_stair/result/SSD_Inception-door-3\elevator_door.txt
PRECISION elevator_door 0 0
RECALL elevator_door 0 0
F elevator_door -1.0 0
Simple Recall 0 0
Simple Precision 0 0

---- mAPs of   ---
opened_door 0.0
closed_door 0.4470052437425142
elevator_door 0.0
mAP: 0.1490017479141714



Prediction Speed 
Count => 305 
Sum => 4.521954 
Average => 0.014826 
variance => 0.000000 
stdev => 0.000477 
FPS => 67.4 


0.014960
0.015957
0.013963
0.014960
0.014960
0.014960
0.014959
0.013963
0.014960
0.014960
0.014960
0.014960
0.013963
0.014960
0.014960
0.014960
0.013962
0.014961
0.014960
0.014960
0.013963
0.013962
0.014960
0.014960
0.014960
0.013962
0.014962
0.014960
0.014960
0.013963
0.014960
0.014960
0.013963
0.014960
0.014960
0.014960
0.014960
0.014959
0.014960
0.013963
0.014960
0.014960
0.013963
0.014960
0.014960
0.014961
0.013963
0.014960
0.014961
0.013963
0.014960
0.013963
0.014960
0.013963
0.013963
0.013962
0.014960
0.014960
0.014961
0.014960
0.014960
0.014960
0.014960
0.014960
0.014961
0.014959
0.014960
0.014960
0.014960
0.014960
0.013963
0.013962
0.014960
0.014960
0.014960
0.014960
0.014960
0.014961
0.014960
0.014960
0.014960
0.014960
0.014961
0.014960
0.014961
0.013963
0.014960
0.014961
0.014961
0.014961
0.013963
0.013963
0.014960
0.014960
0.014960
0.013963
0.014960
0.013963
0.014961
0.014961
0.014961
0.014960
0.014960
0.014960
0.014960
0.014961
0.014960
0.013962
0.014961
0.014960
0.014960
0.014960
0.013963
0.014961
0.014960
0.014960
0.013963
0.014961
0.014961
0.014960
0.014960
0.013963
0.015957
0.014960
0.014960
0.013962
0.014960
0.014960
0.014960
0.013963
0.014960
0.014960
0.014960
0.013963
0.013962
0.014960
0.014960
0.014960
0.014960
0.013962
0.014960
0.014960
0.014960
0.014960
0.014961
0.014960
0.014961
0.014960
0.014960
0.014960
0.013963
0.014960
0.014960
0.014960
0.014960
0.014960
0.013963
0.014960
0.014960
0.013963
0.014960
0.014960
0.014961
0.014961
0.013963
0.014960
0.013963
0.014961
0.013963
0.014960
0.014961
0.013963
0.014960
0.014960
0.013963
0.014960
0.014960
0.013962
0.014961
0.014960
0.014960
0.014961
0.014960
0.014960
0.013963
0.014960
0.014960
0.014960
0.014961
0.014960
0.014960
0.014961
0.014960
0.013963
0.014961
0.013963
0.013963
0.014960
0.014960
0.014960
0.014960
0.014961
0.014960
0.014960
0.014960
0.014960
0.014961
0.013963
0.013964
0.013963
0.013962
0.014960
0.014961
0.014961
0.014960
0.014960
0.014960
0.014960
0.014960
0.013963
0.013963
0.014960
0.014960
0.014960
0.014960
0.014960
0.014961
0.014960
0.014960
0.014961
0.014960
0.014961
0.013963
0.014960
0.014960
0.014960
0.014960
0.014960
0.015957
0.014960
0.014960
0.014960
0.014961
0.014960
0.015957
0.014960
0.014960
0.014960
0.014960
0.014960
0.014960
0.014960
0.014960
0.014960
0.014960
0.014960
0.014960
0.015958
0.014960
0.014960
0.014960
0.015957
0.013963
0.015958
0.015958
0.016955
0.015957
0.014960
0.015957
0.014961
0.014961
0.014960
0.015958
0.014960
0.014960
0.014960
0.014960
0.014960
0.014960
0.015958
0.014961
0.014961
0.014960
0.014960
0.014960
0.014960
0.014960
0.013963
0.014960
0.014960
0.014960
0.015958
0.014960
0.014961
0.013963
0.014961
0.014960
0.014960
0.014959
0.014961
0.014960
0.015958
0.014960
0.014961
0.013963
